1950	  1.9	11.6	 25.1	 29.1	 83.2	 15.4	 0.0	 35.4	 29.8	 18.3	 20.7	 73.1
1951	 41.6	39.4	 56.6	 65.5	 94.1	 44.7	 8.5	 47.5	 93.2	 73.1	 86.4	 21.3
1952	  8.2	15.7	 61.6	 42.8	 81.9	 23.9	34.0	 20.2	 22.3	 58.8	 23.5	  8.5
1953	  0.0	 0.0	 19.1	 34.4	 34.0	229.7	 7.7	  3.3	 73.1	 40.2	  5.3	 66.3
1954	 13.8	29.8	 54.2	 44.8	 70.2	 69.7	21.3	  8.0	  7.4	  0.0	 27.1	 19.7
1955	103.5	60.1	 24.0	  9.4	 29.2	 29.2	29.8	 58.0	 76.6	 25.7	 20.2	 63.3
1956	 21.8	 1.4	104.1	 48.3	 52.9	 88.8	14.9	 64.9	114.3	 36.2	 39.7	 18.1
1957	  0.0	29.2	 19.1	 61.7	112.2	 88.3	12.8	 63.3	 31.9	 63.8	 23.4	 22.3
1958	 27.7	 3.7	 25.8	 29.5	  9.8	 18.5	29.2	  4.0	 88.3	 26.6	 42.0	102.0
1959	  0.0	38.3	 94.6	 16.0	 27.1	 26.6	31.4	 22.3	115.4	 81.4	 51.6	 39.4
1960	 47.9	32.4	 67.2	  6.9	 24.2	 83.5	80.9	 40.4	 73.1	145.9	 13.8	 75.3
1961	 18.6	 0.0	 19.1	 23.8	 70.9	 12.4	 2.1	 33.5	 69.5	 50.0	 84.0	 16.7
1962	 42.0	40.9	 35.6	109.6	 77.1	 59.0	 4.3	 56.9	 75.5	 60.1	 61.7	 13.3
1963	 50.0	18.1	 23.1	 67.0	 37.8	 26.6	 9.6	 59.0	 77.1	  8.5	 60.1	 31.9
1964	 16.5	97.9	 17.0	 34.0	 93.6	 75.0	13.3	 27.7	101.6	  7.4	 51.1	 43.3
1965	 14.0	29.0	 40.7	 13.8	 46.3	  9.6	18.1	 28.2	 68.8	135.6	 31.4	 23.4
1966	 40.0	47.4	  0.0	 41.1	 45.3	 56.6	20.0	 54.3	 22.1	 29.5	  3.5	  4.0
1967	 21.0	39.6	 44.9	 34.0	 52.1	 16.3	 6.6	 25.0	 38.5	 56.6	 83.2	  0.0
1968	  0.0	28.3	 25.6	 52.8	 41.8	115.8	 4.5	 77.9	  2.6	  8.0	 81.0	 20.0
1969	 25.2	54.7	133.8	123.7	 62.6	 52.8	34.2	  8.5	 60.2	 69.0	 28.7	 18.1
1970	 56.3	 0.0	 33.3	 24.0	140.0	 54.5	48.0	  9.0	  1.1	 56.6	 34.1	 55.7
1971	 31.9	 5.6	 41.6	 74.3	114.2	 30.5	46.2	 16.2	 98.1	 12.3	 32.9	106.5
1972	 98.9	44.7	 30.2	 69.8	113.1	 95.1	17.4	 70.2	 81.5	 32.3	 40.7	 13.2
1973	 19.5	 0.4	  1.1	 41.1	 33.2	 33.7	36.6	 12.4	 35.4	 19.7	 24.5	 87.2
1974	 12.1	27.7	 77.4	 23.5	 26.9	  8.7	20.4	 74.3	 75.4	 23.5	 16.1	  8.3
1975	 35.7	28.9	 52.3	 17.1	 74.1	144.5	15.7	 60.5	 79.7	  1.2	  3.7	 29.0
1976	  6.7	10.0	 15.7	 76.9	 44.9	 17.2	 3.2	 49.5	 60.9	 79.3	 10.0	 39.0
1977	 43.9	14.9	 45.9	 79.1	124.5	 45.4	29.1	 43.2	 12.7	 84.7	 39.1	 48.5
1978	 24.2	27.3	 49.6	120.2	 47.8	 77.1	 0.0	  1.7	 36.3	 14.4	  0.6	 44.1
1979	107.6	22.2	 58.3	 37.0	 53.6	 25.8	 3.0	  8.3	 46.2	127.2	  5.5	 14.9
1980	  5.0	31.6	 39.4	 23.9	 62.1	 36.9	24.5	  8.3	  3.8	 21.4	 72.1	  0.0
1981	 22.8	35.1	 15.2	 81.4	 31.4	169.1	26.8	  4.3	 97.5	 19.1	  0.0	 69.5
1982	 26.6	50.2	 53.7	 28.7	 45.1	 38.6	37.3	102.1	 83.5	 35.1	 68.6	  5.8
1983	  0.0	33.0	  0.0	 51.6	  6.4	 36.4	 5.6	 39.4	  1.6	 37.2	130.4	 58.5
1984	  6.9	31.4	128.7	  3.8	118.2	 15.6	10.3	 23.4	 30.3	 22.5	 92.4	  1.6
1985	 40.7	 5.2	 21.8	 37.5	 46.3	 12.9	23.0	  2.2	  8.1	 24.6	 40.0	 32.4
1986	 50.3	19.9	 17.7	 53.5	  4.3	  2.2	 8.0	 37.2	 70.7	 27.8	 25.3	 33.4
1987	 54.2	30.2	  3.4	 25.5	112.1	 14.0	24.0	  6.3	 17.7	140.9	 29.6	 48.5
1988	 42.9	 2.8	  1.7	 69.1	115.0	 41.2	 2.4	  0.7	  1.5	 39.2	 33.8	  0.7
1989	 10.8	34.4	 12.5	 98.6	 11.8	  5.6	 0.0	 56.9	 35.5	 25.0	 98.2	 10.5
1990	 11.0	 0.0	  3.0	 23.0	 64.5	 57.7	 4.3	 64.3	 66.3	 80.3	 24.9	 16.0
1991	 26.1	20.5	102.5	 11.4	 31.9	 34.4	 0.0	 46.5	 94.2	 41.6	 61.7	 23.5
1992	 44.0	 6.4	 17.6	 24.6	134.0	 91.6	15.2	 30.9	 78.5	 92.5	  2.1	 22.8
1993	  2.4	12.0	 39.3	 29.1	 53.0	  3.5	 4.5	 50.1	 63.5	 87.0	 15.6	  2.7
1994	  6.9	20.4	  6.2	 12.8	 48.0	  4.7	 0.8	 11.6	 91.4	162.0	 77.1	 10.6
1995	  5.5	 7.1	  1.3	 22.3	 26.0	 45.2	 4.6	 27.4	 28.8	  8.8	 33.2	 87.0
1996	148.2	 2.2	 21.4	 66.5	 26.4	 66.0	10.4	 36.0	 50.6	 39.9	114.0	 69.2
1997	122.0	 1.5	  8.6	 58.2	 54.5	 86.6	43.5	106.1	 37.5	 37.4	 51.6	114.9
1998	  9.7	19.9	 10.3	 61.0	 17.6	  5.7	14.0	 11.5	 29.3	 16.1	  9.0	 37.7
1999	 34.9	 0.0	 40.7	 44.0	135.5	  8.5	 6.5	  9.3	 89.4	 54.2	 42.7	  3.4
2000	  0.3	 0.0	 47.0	 67.6	 98.0	 90.4	 9.7	 12.7	 28.0	 44.0	 57.0	 72.1
2001	 44.7	 5.2	 40.4	 58.7	 34.0	  9.6	42.4	 10.5	 33.6	 30.5	 37.2	 32.0
2002	 15.3	 8.0	 19.9	 83.6	 37.7	 28.2	12.8	 52.5	131.8	 48.6	 29.1	 33.5
2003	 19.7	77.8	 24.3	 22.0	 51.9	  1.9	 5.0	 68.1	144.8	123.6	 61.4	 40.5
2004	  4.5	46.1	 48.6	 78.0	 55.6	  9.3	23.2	 60.3	  3.4	 26.4	  3.0	 45.4
2005	  2.2	 6.9	 10.9	 22.3	 86.5	 11.3	 1.7	 52.9	 39.5	 78.6	 69.0	  9.6
2006	 68.7	 3.9	  4.7	  8.4	  7.6	  4.3	 4.4	 14.0	 56.2	 36.0	  6.4	 19.6
2007	 14.6	13.5	 30.8	138.2	 53.3	 58.9	 1.8	 10.6	 41.5	 46.1	 12.6	  0.0
2008	 18.5	16.4	  6.8	 65.4	164.7	 35.9	26.0	129.9	 26.7	 55.2	 35.2	 30.5
2009	 42.0	27.6	 48.9	116.8	  3.7	 20.3	48.6	 27.4	 25.2	 41.8	  3.2	 68.5
2010	 65.7	28.2	 71.3	 15.5	 49.9	 63.6	 5.7	 11.8	 79.5	 41.0	 17.6	 22.5
2011	  9.6	11.3	 63.1	 32.8	 43.5	 88.9	16.2	  4.5	 10.3	 25.2	 80.1	  1.3
2012	  2.5	12.1	  3.9	 93.3	 25.9	 15.2	36.5	 25.0	 61.6	 72.6	 36.5	  6.7
2013	 34.1	 9.7	 59.2	 71.3	 49.3	 25.5	95.3	 22.7	  4.5	 33.3	 63.8	 12.3
2014	 46.1	24.3	 15.5	 50.7	 34.0	 10.4	40.9	 81.9	 60.3	 25.4	 84.5	  8.3