1950	 13.2	 3.5	 18.9	 15.4	 35.7	  0.0	  0.0	12.2	  0.0	 13.0	  0.0	 72.7
1951	 38.5	18.5	 33.6	 54.2	 41.2	 62.5	  3.8	33.0	225.0	126.7	 17.5	 62.9
1952	 19.3	 7.0	 27.5	 12.0	 61.5	 45.2	 10.0	15.0	 43.0	 56.6	  9.0	 11.0
1953	  0.0	 0.0	 36.0	  4.5	 26.0	 76.0	 11.0	 0.0	 50.0	 66.0	  7.0	 88.5
1954	 12.0	 4.0	 52.0	 22.5	 65.0	 32.0	 15.5	 0.0	 16.0	  0.0	 14.0	 43.0
1955	 63.0	37.0	  0.0	  0.0	 13.0	 32.0	 14.0	35.5	 46.5	 56.0	 22.0	 74.5
1956	 28.0	 0.0	 78.0	 53.6	109.0	 30.0	  0.0	41.5	 59.0	 43.0	 31.0	  0.0
1957	  0.0	 0.0	  0.0	 19.0	122.0	163.0	  0.0	32.0	  0.0	126.0	 22.0	 38.0
1958	 25.0	 0.0	 12.0	 16.0	  0.0	  0.0	  0.0	 0.0	  0.0	 45.0	 35.0	 77.6
1959	  0.0	83.7	 82.5	  0.0	 42.0	 21.0	 26.0	11.0	203.0	125.0	 52.0	 23.5
1960	 29.0	31.0	 53.0	  0.0	 50.0	 38.0	 15.5	 0.0	 52.0	118.0	  0.0	126.0
1961	 40.0	 0.0	  0.0	  0.0	 59.0	 22.0	  0.0	16.0	 74.0	 86.0	 75.5	  0.0
1962	 26.0	36.5	  5.0	 54.0	 32.5	 24.5	  0.0	 0.0	 35.0	134.5	 52.0	 21.0
1963	 22.5	40.0	 13.5	 15.4	 51.5	 43.7	  3.2	34.8	146.8	  0.0	 16.0	 95.0
1964	  8.2	38.1	 24.8	  3.4	 52.0	 30.0	 13.0	 0.0	 85.1	 14.0	 17.0	152.5
1965	 23.0	22.8	 13.5	 16.0	 31.8	 19.2	  0.0	27.6	 21.0	122.9	 18.8	 14.6
1966	 45.8	25.4	  0.0	 26.8	 35.6	 20.1	 16.1	 4.2	 11.3	 73.2	 14.5	  0.0
1967	 22.3	23.3	 34.0	 42.8	  0.0	  0.0	  3.2	28.0	  7.0	 38.8	209.2	  0.0
1968	  0.0	22.4	 48.5	  6.0	 52.9	 55.6	  6.8	76.8	 76.8	  0.0	 75.5	 42.1
1969	 56.8	20.2	 80.0	166.4	 32.5	 48.0	  0.0	 2.5	101.7	128.3	 21.7	 52.0
1970	 46.0	 0.0	  9.1	  4.0	111.3	 70.0	  0.0	 0.0	  0.0	 58.5	  0.0	 92.5
1971	 41.5	 0.0	 49.1	 55.0	 95.5	  0.0	  8.0	11.0	359.2	180.0	 79.5	116.5
1972	 90.5	13.5	 40.5	 16.3	 96.5	 71.6	 25.0	46.4	237.6	 95.7	 22.5	 14.7
1973	  4.8	 0.0	  0.0	 11.0	 27.9	104.5	 10.1	95.5	 25.5	 24.0	 31.0	 86.5
1974	  0.0	16.0	235.5	 62.5	 22.9	 10.0	 37.5	55.0	 16.0	  0.0	  5.0	  3.0
1975	  9.0	37.5	 45.0	 12.0	145.5	 47.0	  6.8	26.4	 74.0	  4.4	  5.7	 80.9
1976	  1.8	 6.0	 56.0	 30.9	 24.6	  6.5	 25.0	45.5	 32.5	 67.5	  2.8	150.3
1977	 98.2	10.0	 11.0	 55.3	132.5	 82.4	 31.5	 9.5	 15.0	 54.9	 29.3	 31.6
1978	 20.9	 2.0	 32.0	 55.5	 22.9	 17.3	  0.0	 3.9	 18.0	 27.1	  0.0	 30.3
1979	 73.6	10.0	 26.9	 28.3	 14.0	 43.5	  5.4	19.5	  5.8	129.3	 15.5	  2.0
1980	  6.5	44.6	  6.5	  9.5	 71.5	  7.4	  0.0	 7.0	  8.8	  2.0	 52.8	  0.0
1981	  8.6	31.6	  6.0	 94.2	 42.5	180.0	 11.0	 3.0	117.5	 14.5	  0.0	 26.8
1982	 35.3	14.8	 21.3	 49.7	 38.5	 27.1	 49.0	52.0	 39.5	163.0	 69.5	  0.0
1983	  0.0	10.0	  0.0	 17.0	  0.0	 33.5	  0.0	84.3	  8.6	 19.8	121.0	 17.5
1984	  0.0	22.6	 41.0	  7.2	129.5	 10.6	  0.0	 0.0	  7.8	 18.0	 51.5	  5.5
1985	 14.0	32.0	 18.0	 25.5	 60.5	  0.0	 64.5	 0.0	 67.8	 74.5	 50.7	  5.0
1986	  5.0	31.2	 31.2	 52.5	 13.8	  0.0	  7.8	15.8	 29.6	124.4	 30.8	 10.0
1987	 43.4	27.7	  1.5	  2.0	 33.5	 16.0	  5.5	10.0	  7.5	170.0	 20.8	 52.4
1988	 70.6	 0.0	  0.0	115.8	 36.5	 87.0	 14.5	 0.0	  6.8	 12.1	 44.2	  0.0
1989	  0.0	49.0	 37.1	 95.8	 10.2	  3.4	  7.6	40.5	 58.8	 16.0	134.6	 77.0
1990	 16.8	 0.0	  2.0	  2.0	 71.5	 21.5	  6.5	16.4	 32.0	117.8	 20.0	 17.8
1991	 34.0	22.0	117.8	  0.0	 29.5	  0.0	  0.0	18.1	 49.5	138.5	 24.0	 54.8
1992	 27.0	 5.1	  8.2	 29.7	120.7	148.2	  0.0	39.5	201.9	 81.5	  0.0	 29.5
1993	  0.0	14.0	 29.1	 33.8	 58.3	  3.1	  0.0	37.2	 42.9	 83.2	 17.2	  1.2
1994	  3.2	15.8	  2.1	 35.9	 55.0	  0.0	  2.8	 6.5	 91.0	237.9	173.5	  3.5
1995	  4.9	 6.2	  3.6	 27.2	 15.8	  2.2	  0.0	 8.3	 20.8	  3.5	 15.5	105.3
1996	 82.0	19.7	 21.0	 35.8	 26.1	  6.6	  8.8	31.0	 60.3	 64.9	 40.3	138.6
1997	161.0	 0.5	  1.7	 26.2	 27.0	 64.8	 22.5	27.8	 26.9	 20.1	 28.8	100.1
1998	 44.3	20.0	  0.5	 27.8	 39.3	  6.0	  9.0	37.5	 28.0	 12.5	  1.5	131.2
1999	  9.9	 7.1	 55.7	 40.2	 79.6	 14.2	 16.0	 2.8	 32.2	 14.2	 47.0	  0.0
2000	 41.0	 0.0	 24.5	 23.5	 14.0	 44.7	  0.9	11.5	  2.6	147.4	 49.7	 58.4
2001	 20.1	11.5	 30.5	 62.7	 44.9	  3.0	114.5	 2.0	 31.2	 22.1	 47.7	 10.0
2002	 23.4	 1.7	 61.0	 67.5	121.5	 41.0	  0.0	89.0	106.5	 71.8	 20.6	 22.2
2003	  3.7	67.9	 31.2	 28.9	110.5	  9.0	 13.0	28.9	 85.1	 39.6	104.9	 31.5
2004	  1.0	45.8	 60.4	 90.7	 80.1	  1.5	 11.7	 1.0	 25.3	 35.2	  2.9	 47.6
2005	  0.0	10.6	  9.2	  9.6	 42.8	 12.5	  2.5	39.4	 28.5	 88.2	 73.9	  7.3
2006	 80.0	 7.5	  5.0	 11.0	  3.4	  4.5	  0.0	28.8	114.7	 39.6	  3.2	 19.1
2007	  4.2	10.4	104.5	 82.0	 15.0	  6.1	  4.5	 0.5	 28.5	 20.3	  3.5	 65.1
2008	 19.8	16.3	  0.6	 24.0	175.2	 25.0	 18.2	 8.6	 52.3	 74.6	 43.5	 65.0
2009	 26.4	14.7	 28.2	117.4	  1.5	 30.1	  3.0	 5.0	 60.1	  2.1	  2.8	 49.7
2010	 73.2	28.3	 28.4	 27.9	 42.1	 34.0	  0.5	28.3	 63.4	 64.5	 10.0	  8.5
2011	 11.7	 1.6	111.4	 41.2	 37.5	 35.8	 23.0	 2.0	  0.1	 22.9	134.4	  1.5
2012	  2.5	 0.2	 25.4	 84.5	  4.4	  5.8	 23.5	 0.1	 60.7	130.9	 85.6	  2.4
2013	 24.7	66.6	 56.3	 99.4	 24.6	 65.2	  0.2	 3.6	  0.6	  1.3	121.3	 14.4
2014	 41.1	15.2	 22.5	 98.5	 31.5	 33.7	  5.6	 3.0	 84.8	  8.0	188.2	 34.4