1950	  8.0	 13.9	 46.2	 53.2	 82.4	 35.1	 16.9	229.0	 52.2	 11.5	 31.2	 78.4
1951	 41.7	106.0	 74.6	 51.2	101.3	 82.2	 52.0	130.6	 78.9	182.1	 91.9	 31.5
1952	 18.8	 32.2	 68.1	 44.8	 99.6	 65.5	 82.7	 72.9	 65.1	 74.3	 24.6	 20.3
1953	  0.0	  5.5	 36.3	 19.8	 70.9	168.1	 13.3	169.1	 97.1	 85.9	  0.0	 99.0
1954	  5.3	 73.5	 68.8	 96.5	183.9	 51.3	 60.7	 64.5	 76.2	 18.6	 10.2	 16.1
1955	109.9	 59.1	 13.2	  5.4	 54.4	 93.5	 90.8	190.9	 62.1	 70.1	 29.8	 56.7
1956	 20.0	 16.6	119.2	 99.9	 48.7	 55.1	 43.5	 29.7	 57.7	 55.8	 44.2	 13.6
1957	  0.0	 21.1	 23.1	139.6	125.2	114.4	 74.5	 66.0	 35.5	 85.2	 58.6	 41.2
1958	 36.9	  0.0	 31.1	 57.6	 10.4	 38.5	 29.8	 73.5	  9.7	 48.5	 68.5	105.5
1959	  4.1	223.3	166.1	 18.2	 42.8	 78.6	 37.4	137.1	147.7	 98.2	  9.7	 44.5
1960	 42.2	 31.4	113.0	 19.3	 46.9	128.9	180.5	 39.2	118.3	 71.3	 32.2	 91.5
1961	 30.2	  0.0	 16.8	 23.7	 95.3	 90.3	 58.9	 23.0	 38.5	 87.8	 92.8	 14.4
1962	 73.0	 41.6	 43.5	 81.7	 84.9	155.2	 51.2	 46.2	173.9	109.1	207.4	 41.2
1963	 68.3	 48.3	  9.9	 71.4	 79.1	124.7	 69.1	157.0	183.3	 60.2	 85.0	 62.6
1964	  4.8	 80.9	 70.5	 69.1	108.7	 62.7	 69.5	 89.0	 66.1	 17.5	 70.1	 59.2
1965	 22.8	 27.0	 46.2	 15.4	 92.2	 30.0	 46.7	102.2	151.8	193.2	 37.1	 19.2
1966	 21.2	 61.4	 15.5	 49.8	108.4	 60.8	 75.7	 96.1	 68.2	104.1	 33.8	  0.0
1967	 49.6	 39.2	 27.3	 36.6	 35.8	 58.4	 54.6	 53.8	157.7	 57.7	118.7	 12.0
1968	  0.0	 43.9	 45.3	 38.7	 81.4	130.5	  5.3	100.9	 57.6	 11.1	140.0	 50.6
1969	 20.1	 41.2	122.3	156.7	 65.0	101.1	 96.3	108.4	119.5	 76.0	 47.5	 29.4
1970	 34.8	  0.0	 46.0	 38.7	 63.8	 74.8	  1.9	 22.2	 29.2	120.1	 45.3	177.5
1971	 28.8	  8.0	 62.9	218.4	122.7	 44.4	 33.4	 36.0	134.0	104.0	 54.9	178.3
1972	 64.1	 86.1	 78.6	 94.3	128.5	 82.9	 77.2	174.2	147.0	 48.3	 24.7	 38.3
1973	 11.7	  8.5	 25.0	 53.8	 26.5	 53.6	 19.2	 81.9	 18.0	  2.8	 18.6	192.3
1974	 26.9	 40.2	 76.8	127.8	 84.3	 56.8	 23.4	107.6	 79.0	 55.7	 18.5	  1.7
1975	 15.0	 39.3	 59.0	 18.9	109.9	105.7	 39.6	231.5	 95.9	 17.1	  5.8	 35.7
1976	  5.9	 53.3	 13.3	 92.6	124.6	 56.7	178.5	204.3	133.9	 88.0	 12.9	 91.0
1977	 91.8	 10.3	 39.4	 62.4	231.7	 62.0	 97.0	164.4	 34.2	107.3	 24.3	 57.5
1978	 41.7	 36.4	 52.4	 87.5	 46.7	 70.6	 23.1	152.3	 30.2	 82.4	  0.2	 45.0
1979	152.0	 15.7	 44.3	 37.8	 35.6	155.4	 69.9	 73.2	 57.4	132.5	  7.2	 13.9
1980	 33.7	 52.8	 17.1	 36.4	185.4	 44.0	 33.6	 27.9	 20.6	 36.5	 94.9	 19.1
1981	 43.5	 39.1	 49.9	 70.9	 41.7	117.0	 50.6	113.7	 70.1	 13.0	  0.0	 47.4
1982	115.9	175.1	125.1	 36.4	 46.3	 38.4	 82.7	216.4	 33.4	 73.3	146.0	  1.4
1983	  0.0	 37.8	 10.0	 18.4	 32.2	 90.2	  0.0	 73.0	  7.7	 47.1	145.3	 28.9
1984	  1.6	 25.2	 88.5	 41.1	164.0	 35.6	 15.6	 84.2	 99.3	 11.4	 99.5	  8.3
1985	 14.6	  4.6	 30.8	 46.4	107.8	 63.2	 45.9	 30.4	 28.3	 26.4	 68.5	 16.2
1986	 94.5	 22.0	 17.4	 52.8	 61.0	 19.0	 47.2	 43.7	 87.0	 98.9	  7.7	 24.3
1987	 50.7	 49.5	 19.3	 38.5	102.0	 11.1	 89.7	 27.5	 76.3	168.6	 30.3	 56.7
1988	 87.7	  0.3	  8.6	 48.0	130.4	150.2	  9.0	 16.0	 55.4	 45.6	 94.6	  4.0
1989	 11.3	 30.0	 25.4	 88.1	 51.1	 66.9	 34.2	105.6	 94.4	 47.2	 84.7	 28.9
1990	 18.1	  0.5	124.2	 98.7	141.1	 55.1	 53.6	228.9	134.9	136.3	 39.8	 18.9
1991	 35.0	 50.0	146.7	 83.3	119.3	 21.1	 23.5	 60.7	151.1	 38.0	 37.0	123.8
1992	100.5	 14.6	 24.6	 22.6	116.3	198.1	124.3	 54.1	111.7	 97.4	  0.9	 54.4
1993	  2.3	 39.9	104.2	 96.2	 59.2	 25.9	 50.1	 76.4	131.0	 77.4	 24.7	  1.7
1994	 43.8	 60.3	 10.5	 55.3	 40.4	 38.6	  0.3	 11.7	136.1	257.1	 34.7	 29.8
1995	  7.6	  3.1	  5.1	 58.1	123.3	124.0	 17.6	172.7	 51.6	 30.5	 57.5	108.5
1996	121.4	  8.2	 52.4	113.2	 82.2	 70.0	 23.6	 43.6	 96.8	140.7	152.4	197.9
1997	 87.3	  6.8	  2.0	 30.8	 45.1	103.0	 91.5	 92.4	 62.1	  1.2	 49.2	 55.0
1998	 24.6	  7.6	  4.5	 71.7	 65.0	 67.0	 26.1	132.7	 23.2	 44.3	  6.9	 78.4
1999	 77.7	  0.0	  4.2	 43.9	 73.8	 87.3	 68.0	 46.2	 72.0	 87.5	 84.4	 13.7
2000	  2.2	  0.2	 19.2	 84.0	118.9	 54.1	  6.2	 16.3	 89.1	 69.8	 18.7	 84.1
2001	 45.7	 17.4	 35.8	 24.2	113.4	  7.5	 62.7	 64.7	 71.7	 74.0	 44.5	 36.1
2002	 12.1	 14.5	 29.4	 27.9	123.6	 89.1	 76.8	 86.6	 55.3	 70.0	 56.2	 66.0
2003	 25.8	 73.8	 22.5	 19.5	 40.9	 93.1	 18.8	 38.9	 89.3	130.5	 48.1	 65.4
2004	  3.5	 72.1	 86.8	111.7	178.5	 58.6	 82.7	 62.2	 56.6	 28.1	  4.7	 60.8
2005	  1.4	 32.7	 14.9	  4.2	 46.6	 33.3	 46.4	114.4	191.1	103.0	 35.4	 10.7
2006	135.8	  4.3	 10.0	 29.5	 19.7	  1.7	 68.5	 66.7	149.7	 35.9	  8.5	 21.1
2007	  6.1	 21.2	 22.9	120.1	 61.1	 58.8	 17.0	 54.0	 21.7	 80.6	  5.5	  5.2
2008	 23.2	 23.4	 42.8	 61.5	175.6	124.3	 50.0	 35.8	 79.4	 84.6	 71.4	 70.0
2009	 59.3	 32.5	 60.0	 77.6	 19.2	 32.8	 52.0	102.9	 86.2	 62.6	  8.0	 50.6
2010	 33.3	 65.2	 69.4	 52.8	131.0	 66.1	 33.1	 75.5	121.9	115.2	 17.3	 30.3
2011	 25.1	 14.4	154.1	 37.3	 68.2	 92.9	 78.3	 14.3	 21.6	 44.4	200.8	  2.8
2012	  7.8	  5.2	 35.5	 85.7	 70.2	 22.1	 14.6	 62.8	 97.1	100.6	 21.2	  1.6
2013	 24.1	 19.6	 85.1	105.8	 75.2	 52.8	 92.3	165.8	 30.0	 40.9	 86.6	 11.5
2014	 36.8	 28.1	 13.3	 65.6	 57.3	 96.8	 97.2	194.8	 84.2	 42.4	165.3	 19.2