1950	 57.6	  9.4	 28.9	 35.9	 20.1	 21.3	 1.0	 72.7	 33.3	130.9	  8.7	114.1
1951	 91.6	 18.8	 97.9	 60.8	 76.6	 37.3	 5.2	 51.5	 26.3	195.6	 47.6	 22.2
1952	 20.4	  8.8	 34.4	 18.1	  3.9	 12.5	10.1	  7.8	 27.5	 31.8	 29.8	 10.3
1953	  8.9	 13.2	 57.0	 42.2	 40.0	 47.2	 8.7	 33.2	130.2	 40.8	  1.6	110.7
1954	 19.9	 74.7	 92.3	 14.7	 51.7	 60.8	14.0	  8.0	 29.4	  6.0	 16.0	 31.3
1955	 99.2	  9.3	 12.2	  0.0	 12.4	 41.6	12.1	 24.6	 24.2	 52.4	 11.0	 76.1
1956	 12.2	 19.8	 97.4	 64.1	 46.7	 25.6	 7.4	 17.6	 30.0	 57.8	 55.0	 29.9
1957	 20.5	 22.9	 16.2	 81.0	 96.9	 78.1	47.2	 12.3	 43.7	 62.9	101.2	 56.6
1958	 28.3	  2.3	 59.9	 34.4	  6.2	 25.8	 6.2	 21.2	 33.3	 46.6	 99.3	164.7
1959	  0.0	170.1	112.1	 23.6	 22.3	 20.7	 1.8	 18.8	336.3	138.5	 26.2	 14.0
1960	  5.7	 24.8	120.8	  0.0	  0.0	 23.5	50.0	 24.5	 62.5	183.3	 21.9	180.1
1961	 36.1	  0.0	  0.0	 40.1	 56.9	 10.2	 0.5	  7.1	 18.2	 23.7	 38.5	 11.0
1962	 16.4	 26.2	 14.7	 63.1	 21.6	  1.0	 9.1	  0.0	 87.8	 89.9	142.4	 40.7
1963	112.2	 61.9	  9.5	 14.6	  1.3	 38.7	 6.5	 55.7	114.7	 67.3	115.9	 96.9
1964	  6.8	 65.4	 65.8	 38.6	 30.4	  8.4	 4.0	 36.4	 49.1	 46.8	132.7	198.2
1965	 30.6	 27.9	 38.2	 43.3	 35.8	 15.8	13.2	 38.2	 67.5	416.3	 40.3	 44.5
1966	 12.3	 45.3	 12.7	 23.9	 41.3	 10.2	16.3	 30.3	  6.7	149.5	 48.7	 36.2
1967	 15.7	 67.6	 41.3	 33.4	 25.2	  3.3	 2.1	 23.8	 53.8	 70.7	114.4	 36.3
1968	 11.4	 43.8	 37.6	 28.4	 65.0	 35.7	 2.4	 49.5	 35.5	  1.2	197.5	 42.7
1969	 32.7	 35.4	195.6	116.0	  3.7	 27.5	18.6	 13.1	 43.1	159.5	 56.0	 34.4
1970	 19.0	  5.6	 89.8	  8.9	 31.7	 46.2	 0.3	 24.3	  3.9	123.0	 23.5	 64.3
1971	 30.0	  2.7	 67.7	 63.0	 30.7	 43.4	19.5	  2.1	315.3	 19.4	 13.7	149.6
1972	 98.9	 58.6	 55.6	 55.8	 39.4	 91.7	 0.4	 13.4	107.8	 88.2	 37.5	 19.8
1973	 10.4	 11.3	 10.7	 11.2	 10.0	 23.3	14.1	 13.5	 16.3	  2.1	 13.7	122.6
1974	 24.6	 43.5	 72.4	 92.8	 22.7	 55.0	 1.7	 69.6	104.5	 20.2	  2.0	  0.0
1975	  0.3	 25.8	 72.4	 30.1	 64.2	 29.7	 6.5	137.0	 72.1	  0.0	 37.4	 41.2
1976	 13.7	 63.2	 65.6	 72.0	 45.4	 24.4	16.7	 54.0	 43.4	112.1	 33.1	 46.5
1977	256.3	  6.7	 39.3	 32.6	367.2	 34.5	61.7	 61.3	  1.0	333.6	 83.9	 67.3
1978	 80.9	 86.4	 81.5	 84.5	 54.1	 40.0	14.1	  3.5	 29.9	 35.2	 38.7	 43.0
1979	211.7	 19.9	 33.0	 67.0	 18.3	 25.8	 0.0	 42.3	 52.0	188.2	  5.6	  5.9
1980	115.3	 11.5	 72.8	 37.4	 74.4	 28.5	31.4	 54.7	  9.5	 36.4	106.8	 30.0
1981	 53.2	 27.9	 47.2	217.3	 47.8	 33.1	67.8	 21.8	 27.2	 14.6	  0.2	 42.3
1982	 80.4	 95.1	 69.4	  8.0	 23.7	 42.6	13.5	 56.6	  4.0	 47.8	 74.2	 36.6
1983	  0.0	194.9	 11.2	  8.9	 20.3	 12.1	 0.0	 38.4	  2.5	 28.8	106.3	 23.1
1984	  6.1	 53.6	 67.3	 41.0	 90.7	 25.7	 2.2	 37.2	 82.5	 25.4	 40.1	 36.5
1985	  3.7	  7.6	 61.0	 13.0	 92.3	 27.0	15.7	 13.0	  1.2	122.8	 47.8	 15.8
1986	102.3	 81.9	 48.4	 13.0	  8.0	 11.9	 0.4	 44.6	 27.0	646.6	 60.4	 17.7
1987	 63.1	 68.1	 71.0	 10.2	 37.6	 28.6	11.6	 24.7	  1.0	221.8	 32.6	 85.0
1988	 89.5	  1.8	 15.3	102.4	 58.7	 43.1	 0.0	  1.6	 21.9	 16.4	 74.6	  2.2
1989	 29.1	 22.4	 10.7	 89.7	  9.1	 36.6	 0.6	 39.3	 47.9	 16.8	149.7	 26.7
1990	 40.8	  3.1	 11.9	 54.1	 55.1	 36.1	28.7	 17.0	 98.3	 93.1	 63.7	 24.5
1991	 38.0	 34.8	 96.2	 23.2	157.9	 14.1	11.4	 42.0	 31.6	 64.8	 17.7	 38.4
1992	205.5	 43.9	 66.3	 11.7	 44.5	111.4	45.6	 12.0	 22.9	 88.7	  2.5	 47.9
1993	  0.0	 80.7	 35.8	121.8	 15.8	 26.8	20.1	 25.6	128.4	194.0	146.2	  5.1
1994	 26.9	 42.9	  6.6	 44.6	 18.2	 19.7	 1.5	  2.1	186.4	371.1	 10.4	 21.6
1995	 20.6	  0.4	  4.5	  7.9	 43.6	 30.6	 9.0	 13.5	 70.4	 22.5	 92.6	284.6
1996	 90.5	 47.2	 66.4	 58.6	  9.0	 26.5	23.1	 36.3	 43.5	 68.2	171.6	214.1
1997	 50.7	  2.4	  0.0	 14.1	 25.7	 47.0	33.5	 58.6	 11.7	 31.6	151.4	 53.2
1998	 38.5	 78.8	 15.9	 62.9	 22.6	 26.4	 3.3	 25.6	105.7	 36.6	 13.7	 81.2
1999	 28.3	  1.8	 21.6	 10.6	120.0	 24.9	 6.1	 14.5	122.0	 43.8	 73.7	 15.9
2000	 76.8	 11.5	 22.8	 52.5	 50.4	 63.2	44.7	 10.5	 16.3	 75.5	 28.2	103.4
2001	159.9	 26.7	 47.2	 16.3	 11.8	  5.1	25.7	  2.8	 54.5	 16.7	138.3	  4.4
2002	 15.5	 24.5	 23.5	178.3	113.3	 27.7	10.5	 29.1	 29.8	 82.8	 25.4	 63.9
2003	 87.8	120.7	 13.7	 36.6	 33.2	  2.8	 1.5	 34.2	 95.1	137.7	 38.0	272.3
2004	 48.2	 62.0	 39.8	179.3	 95.0	 10.7	 7.8	  4.2	 48.9	 41.2	 21.4	 69.5
2005	  3.0	 94.1	 13.8	 10.5	 85.7	 10.2	 8.2	 24.7	 91.7	315.7	 70.9	  8.3
2006	169.2	 13.0	 31.1	 13.2	  8.0	  0.0	 1.8	 47.3	176.5	141.8	  9.4	 41.9
2007	 13.7	 66.7	 22.9	 59.4	 68.8	  0.8	 1.1	 61.6	  9.7	 97.1	 16.7	 51.7
2008	 60.3	  5.2	 34.6	 30.2	 55.2	 18.7	17.3	 16.4	 22.7	 43.2	 72.7	140.7
2009	 57.6	 66.2	 24.3	 59.4	 18.1	 27.1	 9.0	  1.3	  7.0	 18.1	 28.6	  7.4
2010	108.3	128.6	176.5	 17.1	120.3	  7.8	 2.1	 23.6	 72.8	157.0	 36.5	  6.9
2011	 50.6	 21.1	125.2	 42.4	 18.9	 43.0	59.4	 12.8	 16.4	138.7	167.1	  0.7
2012	 11.0	  0.3	 32.9	 42.3	 81.8	 23.6	 5.5	 15.9	 52.7	139.8	 24.8	  5.2
2013	 24.1	 43.8	103.1	 50.0	 38.9	 19.4	 8.7	 15.0	 19.5	 10.1	138.9	  6.6
2014	 35.1	 10.1	 13.3	 73.3	 15.6	  7.5	40.2	 56.7	 33.9	  1.4	203.9	 41.3