1950	10.9	13.3	14.8	15.4	20.0	26.4	29.9	27.0	24.5	20.4	16.4	 8.5
1951	10.6	11.3	13.4	14.9	17.6	24.2	26.7	25.8	23.5	17.5	14.3	11.8
1952	 8.2	10.9	15.2	16.9	22.0	26.7	28.6	28.2	22.6	20.3	14.1	11.0
1953	 9.5	10.0	13.2	17.4	22.9	22.4	25.8	27.2	25.1	19.5	15.3	13.1
1954	 9.0	10.0	13.6	15.1	18.8	23.3	24.5	26.2	24.4	21.2	16.4	12.8
1955	12.9	11.6	12.7	17.7	20.6	23.5	27.7	27.0	23.7	18.7	14.1	13.4
1956	11.3	 6.3	13.5	14.8	20.7	21.5	26.5	26.2	25.1	18.7	12.1	10.8
1957	10.2	14.1	15.3	16.5	17.3	22.1	26.2	25.7	24.0	18.4	13.3	10.1
1958	 9.8	14.0	14.0	15.3	21.2	23.4	26.3	26.9	25.3	19.7	14.4	12.1
1959	10.9	11.8	14.2	17.6	19.6	23.6	28.2	26.4	22.8	18.2	13.2	11.8
1960	10.9	12.4	14.3	16.9	22.3	24.3	24.9	26.2	22.3	17.7	14.6	 9.0
1961	 9.8	14.1	15.4	18.9	20.6	25.0	27.2	26.5	24.8	19.6	14.1	13.2
1962	12.1	11.2	12.3	16.1	18.9	23.5	26.6	28.4	25.1	19.9	12.3	 9.4
1963	 8.6	 8.5	14.4	16.7	20.2	23.4	27.9	25.1	22.1	19.7	16.0	 9.6
1964	 9.6	12.0	13.7	16.4	22.1	25.2	28.9	27.1	24.7	18.4	15.2	10.6
1965	10.4	 9.1	14.3	16.9	21.7	25.8	26.9	26.7	22.3	19.3	14.5	12.3
1966	11.1	14.2	14.5	18.3	20.2	24.8	25.1	25.8	25.3	19.8	12.4	12.0
1967	10.6	12.3	15.3	17.0	19.8	23.0	29.6	27.5	24.1	21.0	15.4	10.4
1968	11.8	11.8	13.1	16.8	19.6	22.7	26.1	25.2	24.1	22.5	15.1	11.6
1969	10.6	10.3	13.1	15.3	20.3	21.6	27.6	26.8	22.5	19.4	14.0	 9.8
1970	12.1	12.2	12.1	16.4	19.7	25.5	27.3	26.8	26.1	19.9	16.5	 9.1
1971	10.5	12.4	10.9	16.8	18.4	22.4	27.5	28.4	23.7	20.1	12.2	11.5
1972	 9.7	11.8	13.9	16.1	18.1	20.8	25.8	24.2	19.8	17.6	15.2	11.1
1973	10.6	11.3	12.7	15.4	20.8	24.6	28.1	28.5	24.7	19.0	14.9	10.4
1974	12.6	11.8	13.1	14.5	19.8	23.4	27.7	27.5	23.2	15.8	14.6	12.7
1975	12.7	12.1	12.1	16.8	18.8	22.6	28.0	28.5	23.1	19.2	14.5	10.4
1976	11.2	11.5	14.5	15.8	20.4	27.7	27.3	25.5	22.3	18.2	13.0	11.7
1977	10.6	14.3	15.2	16.7	17.5	22.2	24.5	25.1	24.0	20.4	15.0	11.9
1978	 9.0	12.2	14.5	13.6	18.9	22.0	25.5	27.1	25.2	18.8	13.7	12.5
1979	10.1	12.4	14.2	15.5	19.6	24.8	29.0	27.4	23.8	19.2	14.4	12.0
1980	 9.8	12.6	14.4	14.9	18.3	20.9	25.2	27.6	24.8	20.4	13.6	10.1
1981	10.0	10.5	16.4	15.9	19.1	25.1	25.8	27.7	24.8	20.8	15.8	13.1
1982	13.0	11.7	13.2	17.1	20.6	26.1	30.7	26.6	25.5	20.1	14.9	12.1
1983	13.1	 9.3	14.3	16.9	19.6	24.6	30.4	26.4	25.8	21.5	15.3	12.7
1984	11.1	10.7	12.5	16.0	17.1	23.2	28.4	27.0	23.4	19.0	15.5	11.4
1985	 7.0	13.6	13.7	18.2	18.9	23.2	29.1	26.8	26.8	20.6	12.6	12.5
1986	10.3	10.0	14.1	14.4	22.1	24.2	27.4	27.3	24.5	20.1	15.4	11.8
1987	 9.9	11.0	12.6	17.5	18.9	23.6	27.6	28.2	27.4	19.6	13.9	13.1
1988	12.0	12.4	15.1	16.4	19.5	23.5	27.6	28.2	24.5	20.5	14.0	11.5
1989	11.3	13.9	15.9	16.0	21.4	25.1	29.1	28.3	23.2	20.9	15.2	13.3
1990	11.7	15.9	16.7	16.1	22.4	23.4	28.3	28.7	24.6	20.2	13.5	 9.5
1991	10.5	10.9	15.0	15.5	17.8	23.6	28.4	28.7	25.7	18.3	13.8	10.9
1992	 9.8	12.1	14.6	17.7	21.2	20.9	25.7	28.2	23.7	17.5	16.4	11.5
1993	12.1	11.0	13.6	16.7	20.9	25.6	26.8	29.0	23.3	17.4	12.9	12.3
1994	11.6	13.1	17.0	16.8	21.4	25.2	30.2	30.2	23.2	18.6	16.5	12.4
1995	12.0	15.2	15.1	18.1	21.2	23.2	28.8	27.3	22.4	21.2	15.8	12.6
1996	12.2	11.3	13.0	16.6	19.9	25.3	27.7	26.6	21.9	18.9	14.2	11.8
1997	10.8	14.8	17.7	17.7	21.7	24.0	26.4	28.7	25.2	22.3	15.2	11.9
1998	11.4	14.4	16.0	17.5	22.5	25.3	28.0	28.6	24.6	19.7	13.9	11.7
1999	12.0	12.6	15.4	18.2	22.9	24.7	27.8	28.6	25.7	20.3	12.6	11.9
2000	10.6	14.8	16.4	17.2	22.3	25.4	27.5	29.2	24.9	19.0	14.4	13.6
2001	12.7	13.7	19.0	18.2	22.3	26.2	27.9	29.0	23.5	22.8	13.9	 9.5
2002	11.7	14.8	15.6	16.9	19.0	26.4	27.3	25.6	23.4	20.7	16.0	12.7
2003	10.9	 9.9	15.7	18.1	22.2	30.4	31.1	33.5	25.0	18.4	15.2	11.1
2004	12.4	11.9	13.6	16.7	20.2	27.2	28.0	29.8	25.2	22.6	14.8	11.8
2005	10.7	10.3	13.9	18.4	23.7	28.1	28.7	27.4	24.7	20.8	13.8	 9.3
2006	 9.8	11.7	16.2	19.3	23.3	27.0	31.6	27.1	25.3	21.9	17.4	12.6
2007	13.1	15.0	16.5	18.3	22.7	26.5	28.3	26.4	24.4	19.7	14.3	11.6
2008	13.2	13.0	15.0	18.1	20.4	25.0	28.5	29.0	25.1	20.0	13.3	 9.9
2009	 9.9	12.2	15.0	17.1	23.6	28.1	29.2	31.3	25.7	21.4	16.8	11.7
2010	 9.3	11.3	13.0	17.9	19.3	24.4	30.6	29.3	25.3	19.9	14.6	11.7
2011	11.6	13.7	14.3	19.7	22.5	23.4	25.2	28.4	27.4	23.3	16.4	13.5
2012	12.9	10.8	17.6	16.4	21.9	26.6	27.6	30.8	25.7	20.7	15.5	13.2
2013	12.6	11.3	14.8	17.5	18.9	24.1	30.7	30.1	26.9	23.5	16.0	13.4
2014	13.1	13.9	16.7	19.2	20.2	26.2	27.0	27.1	25.7	23.2	16.4	11.9