1950	12.6	15.0	17.3	17.5	23.0	29.6	32.8	28.7	25.3	21.3	17.2	10.3
1951	12.4	12.7	15.0	17.2	19.6	25.6	28.9	26.9	26.1	19.0	17.4	13.6
1952	10.8	12.4	17.8	19.4	24.8	29.5	31.6	29.4	26.4	20.7	15.4	13.1
1953	11.8	12.5	16.7	18.6	26.0	24.0	28.9	29.4	26.1	21.6	17.8	15.6
1954	11.4	11.6	16.0	17.7	21.2	26.2	27.0	27.2	25.9	21.8	18.9	15.2
1955	14.3	13.5	15.1	20.5	22.1	25.4	28.6	27.6	25.1	20.0	15.7	14.5
1956	13.0	 7.9	16.3	17.7	24.0	25.1	28.9	28.8	27.0	20.5	14.8	13.7
1957	12.6	16.3	18.9	18.6	20.3	24.5	28.6	27.7	25.9	20.6	15.8	12.9
1958	12.1	15.1	15.4	17.8	24.2	26.5	29.0	29.3	27.5	21.4	16.1	13.9
1959	12.6	14.0	15.8	18.9	21.9	26.5	30.6	28.6	24.5	19.2	15.8	13.2
1960	12.2	14.5	16.3	19.0	23.9	26.1	26.5	26.6	23.1	18.7	15.2	10.2
1961	11.3	15.7	18.0	20.5	23.4	26.5	30.0	29.0	27.2	21.2	15.8	14.0
1962	14.2	12.7	13.6	18.1	21.3	26.4	29.8	30.7	26.2	20.8	14.4	11.0
1963	 8.8	 9.7	16.4	19.0	23.4	24.9	28.4	25.7	22.8	20.9	17.7	11.3
1964	11.1	13.8	14.3	18.1	24.1	27.6	30.5	29.2	27.1	19.4	17.0	11.2
1965	12.5	10.9	15.5	18.7	23.2	27.1	28.5	28.0	24.3	20.6	16.3	14.0
1966	12.5	15.3	16.7	20.1	22.8	28.1	27.7	28.2	27.4	21.5	15.1	14.5
1967	13.2	15.8	18.8	19.4	21.8	26.4	31.8	29.7	25.3	22.3	17.4	13.7
1968	14.6	14.0	16.3	19.0	21.8	25.2	28.7	26.7	25.1	22.8	16.0	13.3
1969	12.6	11.3	14.4	17.2	22.4	24.6	28.9	28.1	23.8	21.5	15.8	10.8
1970	13.6	13.6	13.0	17.9	21.8	26.3	29.3	28.4	27.5	20.6	18.7	11.4
1971	12.7	14.6	12.9	19.0	20.9	24.8	29.7	29.8	25.2	21.5	14.3	13.1
1972	11.2	13.0	15.7	17.6	20.3	22.8	28.3	26.8	22.0	19.6	16.5	12.7
1973	12.7	12.8	15.2	17.8	23.6	27.0	30.4	29.9	26.7	21.1	17.6	13.2
1974	14.4	13.0	15.1	16.4	22.1	26.2	29.9	29.6	24.3	17.2	16.8	15.7
1975	15.4	14.5	13.9	19.0	21.4	24.8	29.6	29.4	25.1	21.4	16.3	12.1
1976	14.1	13.6	16.1	17.1	22.6	29.2	30.9	28.4	24.4	19.5	15.7	12.9
1977	11.8	15.9	16.7	18.3	19.5	23.8	26.8	26.2	24.8	22.2	16.1	13.4
1978	11.7	13.5	16.4	16.4	20.9	24.6	27.8	28.0	26.9	22.0	16.4	13.7
1979	11.4	14.1	16.4	18.2	23.0	27.5	31.0	28.4	25.3	21.3	16.5	13.6
1980	11.4	15.2	15.3	18.4	20.7	24.8	27.5	30.2	27.8	21.4	14.7	11.9
1981	13.2	12.5	17.1	18.4	20.8	27.4	27.3	28.6	26.8	22.7	18.0	14.0
1982	14.2	13.5	14.9	19.7	22.8	27.6	31.1	27.7	27.2	20.8	16.9	13.8
1983	14.3	11.2	16.6	19.3	22.0	27.4	32.6	29.1	28.4	22.7	17.3	14.0
1984	13.0	12.5	14.6	19.0	18.6	25.9	30.8	27.6	24.9	21.2	17.2	12.8
1985	 8.7	15.4	14.4	19.8	20.3	26.5	31.2	29.6	29.3	23.5	14.2	14.4
1986	12.5	10.5	16.0	15.6	25.6	27.5	30.2	30.0	26.8	22.2	17.2	13.6
1987	11.3	12.8	15.1	19.9	21.7	26.2	28.8	30.4	29.5	21.2	15.9	14.8
1988	14.2	13.8	17.2	17.9	22.1	25.1	29.9	30.6	27.0	23.0	16.2	14.1
1989	13.6	15.4	18.7	17.0	24.2	27.0	31.3	30.1	25.2	23.2	17.0	15.4
1990	13.9	17.3	18.5	18.6	24.6	26.4	30.7	31.0	26.0	21.8	16.2	11.4
1991	12.7	12.3	17.0	17.6	20.4	25.5	31.0	30.9	27.8	19.5	15.4	13.0
1992	11.7	13.7	16.4	19.4	24.3	23.7	28.3	30.6	25.1	17.8	18.0	13.3
1993	14.0	13.1	15.5	18.2	23.2	27.1	28.7	30.1	24.6	19.8	14.6	14.0
1994	14.4	14.2	19.8	18.0	24.4	27.9	32.5	31.4	25.1	20.0	18.3	14.8
1995	13.4	16.9	16.7	20.4	23.4	26.5	32.2	30.1	23.6	24.0	18.1	13.4
1996	13.9	13.1	15.5	19.2	23.2	28.6	30.4	28.7	24.0	20.9	15.9	13.4
1997	12.9	16.5	20.8	21.0	24.3	26.0	28.9	29.9	27.1	22.9	17.1	13.7
1998	14.0	16.1	18.5	18.8	24.5	27.9	30.7	30.2	25.3	21.7	16.1	13.7
1999	13.8	13.9	17.6	19.8	23.8	27.4	30.3	30.8	28.1	22.2	16.1	13.8
2000	12.8	16.6	18.5	18.7	24.7	27.4	29.8	30.8	26.8	21.0	16.5	15.9
2001	13.7	16.0	20.0	19.3	25.3	28.8	30.2	31.9	25.2	24.1	15.7	12.5
2002	14.2	16.3	18.6	20.0	21.9	28.9	29.0	27.9	25.7	22.2	17.5	14.7
2003	12.9	11.5	17.4	20.3	24.9	32.9	32.7	34.5	26.0	19.1	17.1	12.9
2004	12.9	13.4	15.0	18.5	20.4	28.9	30.2	30.9	27.2	23.7	16.1	13.4
2005	13.1	11.2	15.3	19.2	24.7	29.8	31.0	29.4	26.1	21.5	15.5	11.3
2006	12.0	13.7	16.8	21.4	25.0	29.0	34.2	29.2	26.2	24.1	19.1	14.3
2007	15.5	16.4	17.2	20.9	25.2	28.9	30.4	28.8	26.7	21.5	17.0	14.3
2008	15.7	15.4	16.3	20.4	22.8	28.1	30.7	29.9	26.3	21.4	15.7	12.3
2009	12.0	15.0	17.1	18.5	25.7	29.3	31.3	32.3	27.3	23.7	18.0	13.5
2010	11.4	12.6	15.1	20.6	22.2	28.5	32.6	31.1	26.4	21.1	16.2	13.2
2011	12.8	15.5	16.4	22.0	25.8	27.4	28.7	30.9	29.5	24.6	18.3	16.0
2012	15.1	12.4	19.2	18.6	24.3	28.6	29.7	31.5	26.7	22.2	16.9	14.6
2013	14.4	12.3	15.5	18.1	21.1	26.8	31.3	31.2	27.2	24.1	16.1	14.6
2014	14.7	15.9	18.4	21.6	23.6	29.1	29.6	28.0	27.5	25.4	19.3	14.2