1950	13.7	17.3	19.5	20.8	23.8	29.9	33.8	31.9	29.9	25.1	20.9	12.3
1951	14.6	15.5	17.7	20.1	22.0	28.5	31.4	30.1	28.4	21.0	18.5	14.3
1952	12.3	15.1	20.1	21.1	25.0	30.2	32.9	31.2	27.7	25.5	18.3	15.7
1953	12.2	14.7	17.7	21.3	26.9	26.0	29.9	32.2	28.9	23.0	18.5	16.5
1954	12.4	14.2	18.0	19.9	22.7	27.8	29.5	29.8	28.3	25.2	21.1	15.2
1955	16.4	15.8	17.7	22.7	24.3	28.1	31.1	31.1	28.1	23.2	17.6	16.1
1956	15.3	10.1	18.8	19.8	24.8	26.8	30.5	30.5	28.5	22.4	16.2	13.5
1957	13.1	18.4	20.5	20.8	23.4	26.2	30.6	31.0	29.1	22.6	16.7	13.9
1958	13.7	16.7	18.7	19.8	25.2	27.7	30.0	30.3	29.4	23.0	17.3	15.1
1959	14.0	14.8	17.6	21.4	23.1	28.5	31.8	30.8	26.4	21.9	17.1	15.2
1960	13.7	15.5	18.4	21.9	25.6	28.4	29.4	30.4	27.1	21.3	18.6	12.1
1961	13.3	17.9	19.6	23.0	25.8	28.7	31.3	30.1	28.8	23.0	16.9	16.6
1962	15.2	15.0	16.7	20.5	23.5	27.6	30.6	31.0	29.2	23.6	16.2	12.5
1963	12.1	12.3	18.7	21.2	24.7	27.9	31.0	29.3	26.6	25.1	18.9	12.6
1964	10.9	16.1	18.2	21.5	26.5	29.8	31.6	31.3	29.5	22.5	18.7	12.8
1965	12.9	12.8	18.1	21.1	25.5	28.5	30.6	30.1	25.8	22.2	18.1	15.9
1966	14.5	17.9	18.8	22.3	24.4	29.8	30.4	30.6	29.5	22.9	16.3	15.8
1967	13.7	15.9	20.0	20.4	24.5	27.5	32.0	30.5	28.8	25.6	17.7	13.4
1968	15.7	16.0	16.6	20.1	24.0	27.0	30.7	30.5	29.0	26.5	18.2	14.8
1969	13.6	14.0	17.6	19.2	23.6	26.7	30.7	31.3	26.5	23.3	17.7	13.5
1970	14.9	16.8	16.7	21.4	24.0	28.5	31.6	31.1	30.2	23.4	20.3	12.0
1971	13.1	17.0	15.0	20.6	22.6	27.8	31.8	32.1	28.2	24.5	15.5	13.2
1972	12.7	15.7	18.6	22.1	23.3	25.7	30.2	28.9	24.4	21.0	18.1	13.6
1973	13.3	15.2	17.0	20.0	24.9	28.0	31.3	31.5	28.8	22.8	17.5	13.4
1974	16.1	15.4	16.4	18.8	24.1	28.0	31.5	31.0	27.4	20.4	18.9	16.0
1975	15.9	15.0	16.0	20.6	22.3	27.2	31.5	32.3	27.2	23.2	17.8	11.0
1976	14.2	15.4	18.6	19.1	24.2	31.7	32.9	30.3	27.1	21.8	17.8	14.3
1977	12.7	17.8	19.3	20.9	22.5	26.7	28.8	29.5	27.9	24.1	18.3	14.3
1978	12.3	16.5	19.1	18.9	22.8	26.6	30.5	30.3	30.2	23.0	17.5	14.7
1979	12.8	15.5	17.7	19.9	23.8	28.6	31.8	31.1	27.0	22.6	17.1	14.7
1980	13.3	16.8	18.4	19.4	22.3	27.1	29.7	32.6	30.1	23.9	16.7	13.1
1981	14.3	14.0	20.7	19.5	22.3	28.7	29.5	31.5	29.3	25.0	20.0	16.3
1982	16.2	14.9	17.9	21.1	24.1	30.0	34.2	31.8	29.7	24.2	17.7	15.0
1983	15.1	13.7	18.7	21.8	24.9	28.9	32.9	30.8	30.8	26.3	19.8	16.3
1984	15.5	15.0	16.2	21.2	20.6	27.8	32.2	31.2	28.6	23.6	19.1	14.1
1985	10.8	17.0	17.6	22.5	22.2	28.9	32.8	31.4	30.5	24.7	16.6	14.7
1986	15.0	14.2	18.8	18.6	26.2	29.4	32.1	31.1	28.9	23.6	18.5	14.5
1987	12.1	14.8	18.3	21.9	24.3	28.4	31.4	32.4	32.0	22.6	17.4	14.7
1988	15.9	15.9	19.9	19.9	24.3	27.3	32.0	32.2	29.5	25.2	17.9	14.8
1989	11.9	17.0	19.7	19.6	24.6	29.3	33.0	32.7	27.2	24.7	18.9	15.9
1990	13.9	19.5	20.0	20.6	25.7	27.9	32.5	32.8	29.4	23.7	17.7	12.8
1991	13.9	14.7	18.2	19.8	23.3	28.5	32.4	33.0	29.7	22.0	17.8	13.8
1992	10.2	15.7	18.6	22.2	25.3	24.8	30.7	32.1	27.0	20.9	19.8	14.8
1993	13.5	14.0	17.8	21.4	24.4	29.6	31.2	31.7	27.5	20.7	16.7	16.9
1994	16.2	17.0	21.9	20.9	25.7	29.9	33.3	33.6	27.7	22.3	19.2	16.3
1995	16.3	19.7	20.0	22.2	25.2	27.9	32.7	32.1	27.5	25.9	19.7	15.6
1996	15.6	15.1	18.3	20.8	24.4	29.8	31.9	31.1	27.0	24.1	18.7	14.0
1997	13.4	18.8	22.4	22.5	25.3	28.4	30.6	31.7	29.2	26.4	19.2	15.5
1998	15.6	16.9	20.9	21.9	25.1	29.4	33.0	33.7	29.2	24.4	18.6	14.5
1999	14.9	16.2	19.0	22.7	25.8	29.2	32.8	33.1	29.3	23.6	16.0	16.2
2000	13.2	19.9	21.0	21.7	26.9	30.2	31.6	33.0	30.3	23.6	17.6	16.5
2001	15.4	17.4	23.2	23.4	26.2	31.3	31.3	33.6	28.5	25.9	16.5	12.9
2002	15.0	18.9	19.8	22.2	23.8	29.7	31.9	30.4	28.0	24.7	20.1	16.5
2003	14.9	14.3	19.5	21.8	25.9	33.1	33.7	35.5	28.2	21.9	18.7	15.2
2004	17.7	15.4	16.9	20.6	23.9	31.3	31.7	33.1	29.4	26.1	17.3	14.5
2005	13.7	14.0	18.7	22.1	26.6	32.0	33.4	31.9	28.8	23.7	17.1	13.0
2006	12.8	15.9	20.1	24.1	27.6	30.6	35.0	33.2	29.4	25.7	20.5	14.0
2007	16.0	18.6	20.0	21.6	26.9	30.1	32.0	32.7	29.3	24.0	19.0	15.0
2008	16.8	16.8	20.1	23.6	23.5	29.3	31.8	33.1	28.1	23.0	17.2	13.0
2009	13.3	16.3	20.1	21.3	27.8	32.5	33.5	35.0	29.6	26.2	20.6	14.5
2010	12.8	14.5	17.1	22.0	25.5	29.9	34.5	33.2	29.6	23.5	18.3	13.9
2011	14.8	18.3	18.2	23.8	27.5	29.9	32.1	33.5	31.6	26.5	18.7	16.6
2012	15.4	14.9	21.5	21.2	26.9	31.9	32.6	34.5	29.7	24.5	17.4	16.5
2013	16.3	15.2	19.0	21.5	23.6	28.2	33.2	32.3	30.4	27.4	18.5	14.2
2014	15.5	17.2	20.5	24.2	25.7	30.5	32.0	31.7	30.1	27.0	19.9	14.7