1950	 15.5	  5.4	 20.1	 18.5	 53.2	  5.5	  0.9	 63.9	  6.5	 10.9	  1.4	112.0
1951	 39.8	 36.5	 62.0	 55.9	 63.2	 41.6	 28.1	 34.3	178.0	160.8	 55.2	 70.7
1952	 20.7	 34.7	 63.6	 52.5	137.2	 19.3	 29.9	  0.0	 45.8	 91.5	  5.7	  8.3
1953	  0.0	  5.0	 49.9	 17.8	 16.1	129.7	 14.6	  1.6	 73.9	 30.2	 17.9	 59.1
1954	  9.6	 28.3	103.7	 44.4	 43.6	 85.1	 26.3	  6.5	  9.5	 22.2	  9.2	 66.3
1955	 66.0	 43.5	  6.2	  0.0	 25.9	 87.5	 25.2	 65.5	 74.1	124.8	 23.4	 68.0
1956	 13.3	  4.4	111.0	 52.8	 98.7	 76.9	  3.3	 32.7	 86.2	 51.8	 53.4	 13.1
1957	  5.5	 13.1	  7.3	135.6	175.8	115.8	  2.2	 20.7	116.6	122.9	 16.0	 50.9
1958	 42.8	  0.0	 23.4	 25.3	  6.0	  9.8	  9.3	 39.8	 49.1	 49.7	 82.5	 99.7
1959	  2.4	 92.4	106.2	 18.5	 50.7	  0.0	 13.1	 20.2	388.8	145.6	 27.8	 14.2
1960	 48.0	 35.2	 56.7	 10.9	 41.8	135.9	 46.9	 19.3	 54.9	 96.9	  7.6	103.2
1961	 46.3	  0.0	 10.9	 19.3	129.9	  2.2	  0.0	 25.9	 75.0	 74.5	 49.2	  3.9
1962	 39.1	 54.0	 31.7	 76.9	 59.6	 23.8	  6.5	 28.3	151.4	161.9	 43.8	 18.5
1963	 37.4	 46.8	 12.6	 33.8	 48.0	 30.0	 27.8	 58.3	152.6	  3.8	 21.1	 39.8
1964	 19.6	 68.6	 38.5	  4.9	 27.3	 40.3	  1.1	 36.1	 36.8	 28.3	 68.7	209.6
1965	 24.5	 22.9	 33.2	 26.6	  3.8	 12.8	  2.5	 67.6	 59.3	240.0	 40.1	 10.4
1966	 48.1	 43.0	  0.0	 42.5	 11.1	 26.9	 30.1	 32.9	 28.2	 90.0	 18.0	  0.0
1967	 17.0	 28.5	 65.7	 58.3	  5.5	  4.4	  0.0	 33.8	  2.7	107.9	285.6	  0.0
1968	  0.0	 22.8	 36.4	 28.3	 69.8	 86.8	  4.4	149.8	 12.0	  1.9	 63.7	 79.0
1969	 61.6	 38.8	 91.7	222.7	 57.9	 56.1	  4.9	 28.0	 99.6	106.3	 87.5	 46.9
1970	 38.3	  0.0	 14.8	  7.8	 59.3	 59.7	  7.1	 12.0	  0.0	 97.2	 60.4	 51.2
1971	 42.0	  2.2	 50.3	 39.9	 86.0	 24.7	  0.0	 21.7	317.8	 62.8	 89.3	 87.8
1972	 80.4	 37.3	 45.7	 46.3	128.0	 92.1	 54.5	 99.9	226.2	 85.5	 49.1	 24.1
1973	  6.2	  2.7	  3.3	 19.6	 30.7	 94.8	 19.6	 13.1	 24.1	  0.0	 44.7	116.8
1974	  5.5	 22.0	199.2	 80.0	 40.9	 12.5	 19.3	 58.3	 88.1	 11.0	  1.1	  2.7
1975	 24.2	 31.7	 59.6	 26.4	131.6	139.0	  4.4	 82.1	 37.9	  0.0	  7.1	 69.9
1976	  2.5	 11.1	 34.3	 69.0	 46.3	  5.2	 29.7	 80.7	235.2	 33.0	  8.7	129.6
1977	118.7	 13.5	 39.6	 93.4	128.9	 31.6	 65.5	 34.3	 11.8	 90.6	 55.7	 56.9
1978	 28.6	 13.5	 48.5	 63.6	 51.5	 40.4	  0.0	  8.7	 44.7	  0.0	  0.0	 38.8
1979	209.6	 37.1	 55.6	 41.2	 20.4	 38.8	  0.0	  7.6	 19.8	154.5	 10.9	  3.6
1980	  5.0	 26.3	 28.8	 45.6	 98.4	 36.6	  2.2	 41.9	 22.9	  1.5	111.6	  0.0
1981	 14.6	 58.4	 16.2	150.8	 52.1	203.3	  8.4	 11.1	 80.1	 12.6	  0.0	 37.2
1982	 48.7	107.8	 40.3	 38.6	 48.7	 23.4	  9.8	 65.4	115.8	222.2	 43.9	  0.0
1983	  0.0	 36.5	  4.9	  8.0	  0.5	 22.8	  0.0	123.1	  3.3	  6.3	159.4	 51.6
1984	  0.0	 59.1	109.3	  9.5	112.7	  7.7	  0.0	  8.7	 34.2	 71.9	154.4	 15.5
1985	 21.8	 23.4	 51.8	 29.5	158.5	  5.1	 38.7	  0.0	123.7	 76.1	206.1	  9.9
1986	 20.8	 24.9	 22.2	 53.6	  9.9	 17.4	 10.0	 67.0	 37.2	122.3	 40.0	 15.8
1987	 65.5	 61.7	 43.5	  9.2	 48.5	 10.9	 17.3	  9.9	  6.4	227.3	 21.0	108.6
1988	 79.6	  0.0	  0.0	141.7	 35.8	 57.0	  1.6	 15.2	 32.6	  7.3	 84.8	  0.0
1989	  3.3	 30.3	 85.8	 71.7	 31.2	  4.6	  1.1	 55.1	126.6	  0.0	215.1	 62.7
1990	 17.9	  0.0	 13.2	  9.6	 80.2	 53.7	  1.5	 33.9	 51.9	109.0	 40.9	 16.9
1991	 47.6	 38.5	115.8	 20.7	 48.0	  0.0	  0.0	  3.7	148.0	 59.4	 59.6	 63.1
1992	 31.9	 23.1	 34.8	 25.4	110.3	146.3	  4.0	 57.2	322.0	 74.2	 14.4	  0.0
1993	  0.0	 19.6	 36.1	 60.1	 37.7	  2.6	  4.4	 48.2	 57.8	 64.9	 16.6	  0.5
1994	  0.5	 33.8	  0.5	 47.0	 90.5	  0.0	  8.5	  3.8	157.0	201.8	 24.2	  0.0
1995	  1.6	 13.3	  3.8	 35.3	 12.1	  4.9	  4.4	 13.5	 53.0	 16.7	 46.4	172.7
1996	119.6	  3.9	 26.2	 48.8	 47.5	  9.3	  4.1	 35.9	 26.8	 51.7	 45.8	172.7
1997	136.8	  1.6	  7.9	 41.6	 12.9	 52.6	 32.6	 48.0	 44.7	 15.9	 29.0	170.7
1998	 91.3	  2.3	  4.2	 36.4	 68.8	  4.8	  2.3	 31.6	 65.7	 38.1	  4.3	183.1
1999	 16.8	  2.6	 34.3	 59.0	 86.7	 11.0	 16.5	  9.9	102.7	123.5	 67.1	  0.0
2000	 27.2	  0.0	 47.8	 72.9	 49.8	 16.1	 27.7	  9.8	 53.2	200.3	 40.0	 69.2
2001	 24.6	  4.2	 21.9	 47.3	 41.7	  0.2	106.2	  1.0	 66.6	 38.0	 92.8	 21.0
2002	 25.1	  8.0	 56.2	 32.9	 50.3	 36.6	  2.8	 36.6	 98.1	 44.6	 60.8	 24.0
2003	 15.0	140.1	 68.7	 26.2	 83.6	  5.2	  5.1	 40.1	146.7	 98.9	 98.7	 42.2
2004	  2.8	 59.9	 83.5	 91.9	 50.9	 10.8	  6.7	  6.3	103.5	 19.9	  1.0	 27.7
2005	  1.8	 27.0	 15.7	  9.3	 62.5	  6.6	  0.0	 45.2	 77.0	127.7	124.1	  6.8
2006	 81.4	  6.6	  5.7	  8.4	 10.1	  3.1	  0.0	 51.9	133.1	 22.0	  2.0	 16.3
2007	  7.8	 21.1	 51.9	 99.0	 10.7	  2.0	  3.7	  1.6	 14.5	 71.0	  5.0	 28.0
2008	  7.7	 14.2	  2.0	 39.0	159.2	 11.5	 36.0	  0.0	 27.2	127.0	 50.7	 67.5
2009	 13.0	  7.0	 32.5	 95.3	  0.0	  0.0	  0.0	  3.1	 58.7	 46.4	  3.2	 60.4
2010	100.8	 37.9	 37.4	 33.6	 55.4	 60.1	  8.7	 61.7	 87.2	 67.3	  7.2	 18.6
2011	 38.1	  5.2	161.5	 48.5	 41.8	 36.8	 20.2	  0.5	  7.6	117.0	107.6	  0.0
2012	  2.9	  0.3	 81.3	 66.2	 14.6	  7.2	 21.1	 19.4	 43.2	252.1	 34.8	  1.5
2013	 17.9	 66.2	107.7	100.4	 32.7	 29.0	 11.6	 15.4	  6.1	 14.0	155.7	 12.1
2014	 32.1	 21.5	 27.0	 73.5	 54.1	 37.8	 17.9	  8.8	 48.5	  8.1	127.1	 44.1