1950	 16.0	  0.5	 36.3	 46.0	 35.1	  2.3	  0.0	 52.0	 64.6	 54.8	 21.9	 61.7
1951	 31.0	 23.9	 97.3	 48.1	 63.5	 16.7	 25.0	 89.3	 53.9	454.1	 45.2	 23.6
1952	 35.4	 39.3	 27.1	 13.5	 12.9	 28.3	 37.9	  2.6	 54.5	 43.3	 67.2	 14.6
1953	  0.5	 25.4	 39.7	 26.2	 40.9	 67.6	 32.6	 26.4	254.4	 95.6	  6.0	  3.6
1954	 64.2	 45.5	 42.4	 66.0	103.9	 52.4	 54.1	 12.6	 27.5	 13.1	  9.8	 35.0
1955	 65.3	 52.6	 58.0	  8.9	  4.6	 21.3	 53.5	  8.2	 35.1	120.5	 24.7	 27.5
1956	 22.2	 16.5	 59.1	 54.9	 57.9	 34.8	  5.2	 92.6	 25.8	104.6	139.6	 16.5
1957	  7.0	 14.4	  0.0	 50.1	 85.8	 58.8	 23.9	 70.9	 64.2	 63.2	 88.9	 48.7
1958	 33.0	  2.0	 30.6	 38.4	  4.0	 21.9	 32.4	  5.1	 29.5	 49.1	 93.7	 94.4
1959	  2.7	 51.3	107.0	  6.8	 38.8	 28.0	159.1	 14.2	394.4	 64.8	 31.4	 13.5
1960	 28.9	 45.0	 62.0	 35.4	 13.6	 14.2	110.4	 20.5	 88.8	 91.2	  7.0	128.7
1961	 63.2	  0.4	  5.8	 37.6	 13.6	  3.4	  0.0	 89.4	144.1	 19.6	120.7	  8.0
1962	 47.2	 82.0	 56.8	 28.1	 53.7	  5.9	  7.3	  3.6	121.0	 88.7	191.8	 46.1
1963	 64.5	 40.4	 31.7	 64.6	 26.3	 94.6	 38.3	127.7	315.3	128.6	 68.4	 64.3
1964	 17.4	 51.6	 81.1	 24.5	 59.2	  7.6	  0.5	 33.8	 38.8	 28.9	 30.0	 62.2
1965	  3.2	 39.0	 24.9	 35.9	 21.8	  4.2	  6.2	 18.3	 38.5	232.8	 47.6	 19.1
1966	 36.3	 36.4	 17.4	 34.8	 37.6	  9.5	 13.7	 39.8	 11.2	 96.0	 25.3	  0.2
1967	 29.9	 24.8	 27.9	 30.7	 36.4	 12.1	  0.9	 99.9	 65.3	 75.8	 79.8	 20.8
1968	  0.0	 45.4	 29.6	 34.3	 48.3	 82.2	  6.2	 53.1	 12.5	  0.0	106.9	 61.4
1969	 23.1	 44.5	137.4	153.2	 20.2	 18.5	 19.9	 31.6	108.2	100.9	 45.2	 33.7
1970	 26.2	  0.0	 46.6	 24.0	 54.6	  4.2	  6.2	 90.8	 23.7	 69.8	 38.2	 83.1
1971	 31.6	  2.8	 92.6	109.6	 63.2	 31.6	  5.2	 11.4	158.7	180.5	 92.3	282.9
1972	111.8	 28.2	 52.9	 61.5	168.1	 70.5	  6.5	126.9	193.9	 93.4	  7.3	 37.9
1973	 18.9	  4.9	 15.3	 59.3	 35.8	 40.6	  3.4	  9.2	 55.6	  4.8	 16.0	111.4
1974	  1.4	 11.1	 79.7	 50.3	 63.4	 39.3	  3.3	 53.8	 22.9	 40.0	  1.1	  0.0
1975	 17.8	 19.3	 61.8	 40.2	 64.6	 62.1	  8.5	142.3	101.7	  5.6	  3.8	 48.2
1976	 38.9	 42.9	  4.2	 35.1	 34.5	 65.8	 57.0	146.9	 36.2	 51.6	 13.0	 75.8
1977	 67.4	  6.5	 54.6	 37.2	226.5	 24.6	 96.7	 14.6	 16.3	 20.9	 59.3	 47.0
1978	 18.2	 24.2	 49.9	129.7	 10.4	 29.5	 11.9	  0.0	 36.7	130.9	  0.0	 34.3
1979	140.0	 10.2	 15.8	 20.5	 23.7	 27.5	  0.0	 32.3	 81.8	264.7	 45.3	 23.5
1980	 11.2	 22.5	 20.6	 26.8	111.0	 55.3	 13.5	 30.3	 46.2	  7.3	 42.3	  5.4
1981	 62.2	 30.9	 36.9	 27.1	 34.7	 64.1	 17.0	 25.7	 58.9	 12.0	  0.0	 18.9
1982	 38.0	147.2	 46.0	 33.0	 12.0	 20.0	 33.1	161.2	 10.5	 61.0	 51.1	 23.6
1983	  0.0	 53.8	 25.7	  1.1	 19.9	 23.6	  0.3	119.1	  4.8	 97.9	323.0	 17.3
1984	 20.1	 53.2	106.5	  6.2	120.0	 16.4	 35.2	118.0	 76.3	  9.9	 64.2	  8.0
1985	 10.1	 14.8	 29.6	 47.4	 63.6	 19.7	  8.3	  3.3	  4.5	154.6	 74.2	 33.7
1986	 32.9	 20.5	 30.6	 83.8	 32.0	  2.9	 21.2	 56.7	 98.2	 70.4	 24.3	 44.4
1987	 59.9	 85.3	 34.1	  5.1	 47.1	 30.6	 45.1	  3.3	 88.5	372.9	 49.1	 72.0
1988	114.0	  0.3	  4.9	 62.2	 29.9	 48.8	  0.5	  1.7	 93.9	 30.2	109.4	  0.1
1989	  4.3	  7.5	 29.8	 57.7	 13.1	103.5	  1.5	 86.8	 53.3	  7.6	129.3	 25.3
1990	 15.8	  0.0	 16.7	 56.9	 99.9	 40.1	 25.1	 46.8	 54.9	192.2	 55.8	 16.1
1991	 37.0	 52.6	112.9	 34.9	 19.5	 14.0	 19.4	 43.2	 55.8	 79.2	 73.7	 85.8
1992	 64.5	  9.4	 22.4	 20.8	 63.8	117.1	 69.9	 30.6	 14.1	115.0	  0.0	  7.1
1993	  0.0	 48.7	 84.6	 51.9	  9.8	 11.9	 35.6	114.7	266.5	 42.5	 29.6	  0.0
1994	 31.8	 30.8	 29.0	 35.5	 24.2	 21.9	  1.3	  5.0	206.8	152.0	 18.5	  4.6
1995	 13.8	 14.6	  0.3	 51.7	 32.9	 39.7	  1.1	 82.7	166.4	 39.1	 39.2	 54.6
1996	 86.7	 35.0	 29.0	110.2	 99.2	 69.1	  0.0	143.8	 70.8	123.6	142.5	115.6
1997	 91.2	  0.0	  9.1	 36.1	 12.6	 60.3	 24.2	 26.1	 11.6	 19.0	 57.0	109.6
1998	 91.0	  2.9	 16.0	  8.6	 53.6	  2.9	  0.9	 58.0	 77.8	 32.5	 10.8	146.7
1999	 64.1	  1.9	  6.5	 15.1	 15.0	 12.5	  9.1	  5.4	152.3	 73.7	 65.7	  3.8
2000	 21.8	  1.2	 31.5	 55.8	 29.0	 17.2	  3.2	 28.9	 95.1	 66.7	 17.3	 36.9
2001	 60.4	 11.6	 12.4	 27.9	 34.1	  2.8	 73.1	 54.3	 54.8	 46.3	 69.4	 27.8
2002	 28.1	 17.2	 58.4	 85.6	 79.5	 23.5	 81.0	 90.8	 29.9	181.8	 56.2	 41.3
2003	 26.9	100.6	  9.7	 22.4	 46.0	  0.0	  0.2	 48.0	157.7	167.4	 16.1	 56.6
2004	  6.4	101.8	 60.2	 78.0	 37.0	 13.2	 15.4	 27.5	 89.1	 26.4	  4.4	 54.4
2005	  0.0	 44.8	 18.2	  5.2	 31.4	  9.8	 14.6	 67.7	193.2	 54.3	130.6	  9.4
2006	122.3	  9.0	 13.6	  6.2	  4.4	  3.0	  0.0	109.1	103.6	 39.9	  1.8	 41.4
2007	  1.2	 29.7	 14.4	 85.8	 31.0	  1.6	  6.6	193.0	 16.9	147.6	  1.6	 25.2
2008	 24.2	 39.6	 16.8	 25.6	179.9	 37.5	 40.5	 11.6	 28.5	 92.1	 34.0	 72.8
2009	 77.9	 33.0	 60.8	 91.3	 32.3	  8.6	 20.7	  1.4	 53.3	 58.6	  6.4	 61.2
2010	 66.4	120.4	 63.4	 17.8	106.4	 30.0	  3.0	 80.4	 80.7	 79.0	  6.0	 37.0
2011	 33.8	 23.2	117.2	  9.4	 62.7	 84.1	 84.2	  3.8	 58.6	100.7	114.1	  0.6
2012	  4.2	  6.6	 39.6	 56.2	 25.4	 15.0	 22.8	 26.2	 58.6	156.4	 17.0	  7.6
2013	 22.2	 63.2	107.6	 87.8	 56.8	 11.6	 12.8	 23.2	 22.2	 42.0	114.0	 18.2
2014	 39.5	 28.8	 17.4	 26.0	 39.0	 15.4	 44.2	 43.8	126.2	  8.6	136.7	 29.7