1950	 12.9	  2.3	 17.0	 60.3	 52.7	 11.1	 0.0	 79.7	 17.0	 19.9	  2.3	 68.5
1951	 53.9	 85.5	100.8	 53.3	 93.2	 34.0	18.2	148.8	 82.6	181.0	 82.0	 32.8
1952	 29.3	 30.5	 42.2	 23.4	 46.9	 19.3	58.6	  0.0	165.2	 63.3	 48.0	 17.6
1953	  2.3	  1.8	 49.8	 22.3	 43.9	149.4	17.6	 28.1	118.9	116.6	  0.6	 49.2
1954	  7.0	 34.0	 97.3	 52.7	138.9	 37.5	34.6	  2.9	 45.7	  3.5	 12.3	 56.2
1955	 84.4	 50.4	 34.6	  6.4	  2.9	 76.8	47.5	 94.9	 64.4	113.1	 41.0	 38.9
1956	  9.0	  2.9	127.1	 92.8	 44.5	 43.4	16.6	 44.3	 60.0	 78.2	 74.1	 11.7
1957	  0.0	 27.8	  4.1	 77.6	135.6	 76.2	38.1	 56.8	 65.5	 86.1	 44.2	 51.2
1958	 38.1	  0.6	 31.1	 24.6	 29.5	 25.8	38.9	 21.9	 10.0	 87.9	117.8	157.0
1959	  0.4	 69.6	119.1	 17.2	 66.8	 17.0	 6.9	 63.5	241.2	 84.6	 31.9	 37.4
1960	 49.1	 41.2	 92.9	 26.0	  4.3	 77.9	91.4	  8.2	150.8	129.2	 18.2	116.8
1961	 44.4	  0.0	  7.0	 39.5	 34.6	 19.9	 0.0	 75.2	 82.7	 80.4	 50.9	  4.6
1962	 52.4	 48.3	 44.8	 55.0	 90.1	 17.5	13.1	 11.7	129.6	108.4	120.2	 98.8
1963	 47.0	 23.3	 22.7	 40.2	  4.2	 51.9	84.4	 90.7	147.1	 17.7	 59.8	 48.4
1964	 13.6	 65.3	 65.6	 17.9	 17.6	 13.2	 1.2	 20.4	 27.5	 20.5	 55.8	 84.1
1965	 12.4	 41.8	 19.8	 38.4	 16.9	 12.9	 7.3	 61.4	 85.7	261.2	 35.3	 23.4
1966	 32.3	 47.9	 15.6	 22.8	 33.2	  8.3	40.8	 28.6	 29.4	113.5	 27.9	  0.0
1967	  5.6	 25.5	 67.1	 79.4	 46.3	 15.6	 2.3	 71.8	  0.0	 93.4	112.1	 12.9
1968	  0.0	 37.0	 38.0	 33.0	 31.2	 94.4	 1.3	102.4	 53.1	  1.6	127.6	 29.4
1969	 32.8	 27.4	106.2	158.5	 33.5	 42.8	14.6	 22.4	162.6	114.7	 30.8	 38.3
1970	 26.8	  0.0	 24.1	 13.1	134.2	 34.0	 8.3	  9.0	  5.9	 81.2	 68.1	101.5
1971	 16.9	  4.9	 46.2	 78.4	 56.4	 45.8	19.3	 33.3	191.6	 61.2	 82.5	166.9
1972	 67.8	 29.6	 50.2	 48.3	168.5	 72.3	14.4	 42.2	116.7	 61.6	 46.1	 38.8
1973	 18.6	  0.4	 64.0	 19.9	 17.6	 62.6	13.8	  1.4	 46.9	  5.7	 17.7	154.6
1974	  6.1	 40.3	104.5	 65.0	 38.9	 28.9	 7.5	 30.0	100.3	 56.8	 15.8	  0.7
1975	 35.4	 35.2	 62.7	 23.1	 75.6	 49.2	17.2	182.7	 64.4	 17.5	 14.9	 58.1
1976	  5.6	 37.6	  1.2	 79.1	 36.1	140.6	17.3	107.8	 91.3	111.2	  4.9	 90.7
1977	 83.9	  9.3	 49.8	 63.5	140.3	 63.6	91.7	 25.2	 26.6	119.8	 49.3	 36.6
1978	 25.7	 23.7	 88.5	 92.6	 20.4	 46.9	22.6	  8.9	 45.3	 73.1	  1.2	 37.4
1979	199.0	 12.8	 23.9	 39.0	 43.1	 20.4	 1.2	 23.4	 26.7	150.9	 17.9	 20.2
1980	  5.0	111.3	 11.7	 32.6	113.4	 55.1	13.1	 10.2	 18.3	 10.4	 63.7	  3.7
1981	 54.1	 54.3	 23.7	 64.9	 45.5	 66.3	12.0	 48.5	 56.2	  7.7	  0.0	 32.5
1982	 68.4	100.9	 80.4	 17.0	 32.7	 24.1	14.9	119.8	 10.3	 91.6	 85.7	  4.3
1983	  0.0	 37.4	  8.5	  9.6	 16.3	 54.9	 0.0	 53.3	 41.0	 60.1	191.3	 35.5
1984	  6.9	 56.8	157.8	  7.0	 95.4	 20.6	 0.1	 89.1	 26.4	 21.0	121.1	  0.0
1985	 12.4	  4.8	 24.6	 39.2	 72.6	 20.9	28.1	  7.6	 19.2	 28.7	 85.6	 16.6
1986	 96.0	 17.5	 26.5	 52.0	 39.0	  2.9	43.5	 38.6	 52.0	 59.3	 42.3	 25.7
1987	 34.1	 45.3	 18.8	 15.8	 42.6	  8.1	32.5	 93.1	  1.2	290.6	 44.9	 65.3
1988	104.7	  0.6	  2.0	 63.0	 59.0	 37.0	 3.5	  1.9	 90.1	 31.9	100.4	  0.0
1989	  2.5	 18.6	 46.3	 60.6	 31.6	 12.1	 0.5	 97.9	114.0	  9.4	 85.5	 16.7
1990	 13.2	  0.0	 12.7	 49.9	 63.0	 51.3	31.6	 72.3	 78.0	271.4	 45.2	 13.5
1991	 32.4	 46.0	119.4	 28.1	110.0	  4.2	 8.1	 45.1	 93.2	 42.8	 59.6	 48.7
1992	 59.5	  6.0	 35.2	 49.4	 91.6	124.4	49.8	 49.2	 51.9	 93.2	  0.0	 45.2
1993	  0.0	 50.0	 81.0	 84.5	 27.5	  6.6	42.1	 29.8	190.4	 60.2	 16.2	  0.0
1994	 12.8	 39.5	  1.9	 80.4	 30.6	 20.7	 4.9	 26.7	156.6	131.4	 57.4	 18.1
1995	  4.8	 18.8	  1.1	 57.4	 16.3	 47.7	 2.8	133.0	128.4	 11.4	 84.6	 97.5
1996	100.0	 11.2	 38.1	 74.2	 63.5	 81.6	 5.4	 74.3	 84.0	 84.7	123.9	159.9
1997	124.6	  0.0	  3.6	 35.6	  8.4	 33.9	14.8	 58.4	 27.8	  8.9	 40.9	 96.4
1998	 54.7	  5.6	  3.6	 21.8	 55.1	  8.8	 0.3	 77.5	 57.8	 21.1	  1.2	141.2
1999	 58.9	  2.1	  8.4	 27.3	 55.0	 23.3	36.3	  5.4	122.3	132.7	 59.5	  1.8
2000	  2.1	  0.0	 18.7	 29.6	 30.6	 47.6	 2.0	 27.8	126.6	 30.7	 19.8	 83.3
2001	  7.1	 11.7	 16.7	 16.6	 20.6	  6.9	66.8	  0.0	 69.4	 71.6	 78.8	 24.9
2002	 17.0	  6.2	 39.4	110.7	 69.2	 29.1	12.1	148.8	 86.5	158.4	 64.5	 59.6
2003	 14.7	 98.6	 42.9	 10.6	 54.4	  1.5	 0.0	 65.2	 97.5	157.8	 57.2	 32.2
2004	  2.3	100.7	 76.8	 83.7	 31.0	 19.5	28.3	 12.4	 86.1	 31.9	  8.2	 43.6
2005	  0.0	 52.5	 19.1	  0.2	 40.9	  2.6	15.6	 13.7	169.3	 98.8	113.8	  9.5
2006	132.0	  5.1	  2.4	 12.7	 11.4	  0.0	12.2	 37.3	110.7	 18.7	  4.4	 44.0
2007	  2.0	 37.1	 17.9	142.3	 11.5	  0.9	 0.0	 80.1	  5.2	 99.3	  2.4	 19.4
2008	 19.1	 20.8	 13.0	 42.5	211.1	 13.5	55.5	  5.1	 21.9	101.7	 26.7	 90.4
2009	 56.9	 16.1	 42.1	 78.7	  6.5	  6.6	18.3	  1.1	 63.3	122.6	  3.9	 67.9
2010	 65.2	 58.2	 67.4	 12.3	135.0	 50.5	 3.0	 72.7	 55.5	 91.6	  9.8	 13.6
2011	 48.6	 13.3	142.7	 58.0	 97.9	 55.9	77.3	  5.3	 42.8	 63.6	138.8	  0.0
2012	  4.6	  6.1	 40.3	 92.9	 14.2	  0.6	30.8	 31.9	 56.1	133.1	 20.9	  2.3
2013	 17.6	 66.4	 78.6	110.4	 66.3	  4.4	18.9	 20.2	 56.7	 19.1	118.3	 13.5
2014	 25.4	 26.8	  3.0	 47.5	 16.2	 49.7	65.4	 47.3	 73.6	 16.8	169.1	 30.7