1950	 12.5	 26.1	 64.8	 66.2	130.7	 53.4	  7.3	273.0	 47.6	  0.0	 21.8	 45.6
1951	 41.3	 71.9	129.7	 71.4	151.4	 51.3	 25.8	101.5	 74.8	 88.2	 68.9	 28.1
1952	  4.6	  4.4	 64.4	 80.3	118.0	 60.5	262.4	 63.6	 37.5	 90.0	 18.8	 50.0
1953	  0.0	  3.8	  8.6	 29.0	 59.9	159.7	  6.3	 69.5	 88.9	  2.5	  3.6	 75.1
1954	  0.0	 21.2	 15.9	 10.7	 31.9	155.0	 45.9	  0.0	 45.2	  9.4	 22.6	  0.0
1955	149.4	 53.2	 56.0	 26.7	  4.7	116.6	 88.7	 67.5	114.7	 21.5	 61.5	 54.1
1956	 16.6	  4.7	122.5	 68.1	140.8	 54.0	 39.8	 95.2	 93.2	  1.5	  4.4	  6.1
1957	  0.0	 65.5	 13.9	 71.7	114.7	138.9	 50.8	 70.3	115.1	  2.7	  2.5	108.0
1958	 28.5	  6.7	 44.9	 27.6	 15.0	 31.0	 52.7	140.9	 48.0	 13.6	 15.0	141.8
1959	  0.0	 90.4	173.1	 66.7	105.1	 78.4	 23.2	 70.0	174.9	 74.2	 36.5	125.7
1960	116.0	 85.2	152.6	  0.0	 78.9	 73.0	162.2	 42.5	 81.4	153.4	 47.7	 58.3
1961	 22.4	 11.4	  5.0	 66.7	 75.2	 79.1	 19.6	 47.9	102.5	 55.9	121.7	 27.6
1962	 61.0	 65.5	106.0	 96.8	 64.2	 64.6	  8.2	 50.3	 80.8	 71.4	112.7	 58.4
1963	 74.1	  6.2	  8.2	 68.6	 92.9	134.1	 78.6	111.0	 52.5	 34.4	 94.1	 60.5
1964	  0.0	122.8	 50.5	 53.3	114.3	 60.4	 65.9	 46.7	 92.9	 38.5	 70.2	 26.8
1965	  4.5	 27.4	 82.3	  0.0	 73.8	 26.6	 68.3	146.2	109.9	 84.8	 78.1	 39.7
1966	 34.4	 95.3	  0.0	 39.6	 71.4	 50.6	 94.1	 54.6	 54.0	 62.8	155.8	  0.0
1967	 10.8	 28.8	 91.8	 47.0	 38.0	 19.8	 14.2	 65.0	 47.9	 35.7	177.4	  5.2
1968	  0.0	 70.5	 10.1	 67.3	 80.1	 79.1	 28.0	137.5	 19.7	  0.0	106.0	 85.9
1969	 32.2	 43.5	 92.1	106.7	 94.3	 64.0	 63.4	 50.5	 68.3	 63.4	 48.3	  4.4
1970	 86.9	  1.2	 27.6	 16.2	118.8	119.6	 66.5	 35.4	 26.4	 74.2	 23.4	 48.7
1971	 41.5	 16.0	 67.3	149.8	 90.4	 62.7	 25.3	 24.8	112.5	  9.1	 42.6	142.1
1972	112.8	113.3	 38.5	 36.7	 94.0	145.6	135.5	 59.9	181.9	 55.6	 37.2	 41.9
1973	 21.7	  2.8	 16.0	 39.3	 45.8	 59.8	 42.6	 79.3	 43.4	 18.3	 22.2	226.0
1974	 38.1	  9.5	 99.1	 22.7	 54.0	 99.3	 92.2	 93.4	128.7	 28.3	 43.8	  1.0
1975	 53.0	 39.3	 44.9	 20.0	 86.7	135.2	 16.0	125.2	 82.6	 23.3	  5.9	 38.3
1976	  7.2	 31.8	  4.7	 75.4	 57.2	 66.8	 42.4	220.9	 52.3	100.6	 30.1	109.2
1977	 60.5	 22.7	 33.0	 99.3	191.9	 65.9	 88.1	 56.1	  7.9	141.1	 35.8	 49.9
1978	 19.0	 86.0	 74.8	 94.8	 56.9	 47.7	  3.5	 18.5	 48.0	  0.0	  0.0	 64.7
1979	182.5	 53.0	 73.9	 21.0	 81.1	 50.2	 19.7	 52.4	 65.7	152.5	 22.0	 18.5
1980	 28.5	  9.5	 53.8	 44.8	 47.0	 72.7	 19.5	 58.6	100.5	 35.7	 66.0	  8.5
1981	  0.0	 26.3	 65.2	 75.4	 70.1	169.0	 41.5	 18.2	 86.3	 51.9	  0.0	 93.0
1982	 53.0	 60.5	 60.6	 35.1	 54.0	 48.2	117.0	171.5	 49.9	 49.4	294.0	 12.9
1983	  0.0	 29.0	  5.0	 75.0	 25.3	 51.7	 21.2	118.6	  3.0	 49.4	 89.7	 65.9
1984	  4.7	 12.5	 75.7	 15.2	145.8	 41.4	  3.0	 99.7	 43.0	 11.1	201.3	  4.3
1985	 22.6	 14.0	 14.7	 67.8	 75.9	 43.4	 51.2	 28.0	  2.0	 26.5	 25.3	 34.9
1986	 33.0	 26.6	  9.2	 92.0	 43.3	 28.6	 22.5	 35.5	 96.6	 43.5	 25.5	 10.0
1987	 59.5	 15.5	 11.5	 68.1	 49.3	 17.3	109.7	 48.6	 95.8	204.1	  6.9	 46.7
1988	 64.9	  7.5	  7.5	 57.5	101.3	 95.1	  4.3	 18.5	 50.4	 62.6	 55.1	 11.5
1989	  5.6	 35.0	 21.7	 69.0	 31.7	 46.9	 74.0	 77.1	 70.2	 26.1	 88.0	 34.5
1990	 38.5	  0.4	 20.6	 36.0	 81.8	103.2	 17.6	144.8	 84.0	 65.7	 46.2	 21.0
1991	 13.0	 19.0	136.2	 24.7	 38.0	 16.2	  4.4	 78.4	 66.2	 46.2	 48.8	 39.7
1992	 43.7	  2.5	 26.6	 18.2	214.5	 96.3	 70.5	 24.2	223.9	160.4	  6.3	 47.8
1993	  0.0	 14.8	 24.5	 55.8	 79.4	 36.6	 54.5	 96.2	 53.9	 74.6	 17.6	  7.0
1994	 46.7	 55.7	  3.4	 23.8	 43.1	 11.7	 28.5	 56.0	112.6	158.1	118.1	 12.0
1995	  0.0	 13.5	  2.5	 31.6	 85.1	 73.6	 66.9	109.9	 47.4	 64.2	 55.9	180.4
1996	205.7	 13.7	 17.1	 75.6	 66.0	 98.1	 38.3	141.4	 37.8	 38.2	149.6	102.9
1997	148.8	  0.4	  0.0	 41.5	 77.9	 66.7	 54.8	 92.0	 46.2	  0.0	 92.7	165.5
1998	  8.5	 10.5	  7.2	 92.3	 87.7	  8.4	 30.8	 71.1	 64.9	 12.4	  4.8	 62.9
1999	  0.3	  0.0	 28.0	 66.0	114.3	 42.0	106.4	 23.0	 90.5	 88.1	 79.1	  9.0
2000	  0.0	  0.0	 58.4	 90.8	 89.6	 87.8	 10.4	 26.0	 83.4	 40.6	 98.0	 84.2
2001	 52.4	  6.4	105.8	 62.8	 56.6	 12.6	 47.2	 77.2	 61.0	 47.2	 32.2	  3.2
2002	 11.0	 16.0	 33.8	126.0	 86.6	 87.2	 89.8	 84.0	 64.0	 89.8	 91.0	 50.8
2003	 22.2	 73.0	 38.2	 27.8	 51.8	 72.6	 32.4	 54.2	147.8	133.2	 91.4	 48.6
2004	  4.2	 36.0	 56.2	 90.2	 49.6	  6.4	 25.0	 95.0	 42.8	 44.4	 15.6	 17.0
2005	  0.0	  9.2	 11.8	 15.0	 75.2	 36.4	 23.6	 77.8	 85.8	 98.4	 28.0	 23.4
2006	 54.6	  5.4	 31.8	 16.0	 15.8	 43.2	 37.6	 11.4	 57.6	 65.2	 26.4	 15.4
2007	 16.6	 26.6	 28.6	 62.6	 55.2	 27.6	 21.6	 86.8	 19.6	 31.6	 39.6	  0.0
2008	 26.6	 14.8	 36.4	140.0	204.4	 86.2	 21.4	 64.8	 40.4	149.6	 95.4	 27.2
2009	 25.2	 38.8	 37.4	102.2	 39.0	 88.0	 88.8	 54.9	 31.2	 53.4	 17.2	100.7
2010	 43.0	 40.8	 62.5	 41.3	 99.5	142.0	 85.9	 29.7	 57.6	106.7	 35.7	 42.7
2011	 12.9	  2.8	 77.0	 36.6	 53.2	 77.4	 32.8	  1.6	 14.4	 35.4	 73.2	  0.0
2012	  0.1	  0.0	 52.6	 97.2	 98.3	 39.6	 51.2	 28.9	 46.6	 67.5	 41.7	  6.9
2013	 49.8	 14.4	 59.8	108.5	 96.6	 26.7	106.8	 70.3	 71.8	 31.8	 27.4	 27.8
2014	 50.4	 35.7	 21.1	 64.7	 37.9	 50.3	103.5	102.9	 69.5	 67.6	112.7	  4.4