1950	 25.7	  4.5	 26.9	 53.1	 52.1	  6.6	  0.0	100.4	 29.0	  8.7	  5.6	 78.1
1951	 45.6	 64.5	104.6	 67.5	121.4	 55.2	 46.1	 99.0	107.6	164.6	 72.9	 41.5
1952	 25.7	  0.0	 57.0	 31.7	 74.4	 57.9	 49.3	  0.0	 51.7	 88.3	 41.4	 15.3
1953	  0.0	  0.0	 34.3	 19.2	 41.5	157.2	 37.9	 30.7	 65.0	 97.6	  3.1	 60.4
1954	  9.4	 40.5	113.0	 52.1	124.0	 51.2	 40.4	  4.4	 55.1	  2.2	  7.6	 30.6
1955	112.1	 55.4	 17.2	 12.3	  7.6	 65.0	 32.7	101.6	 63.0	191.1	 43.2	 47.0
1956	 14.3	  3.0	150.8	101.4	 42.2	 71.4	  4.2	 31.1	105.7	101.2	 63.4	  0.0
1957	  0.0	 30.6	  1.6	 89.9	151.1	115.6	 18.6	 30.8	 54.6	 67.3	 39.7	 14.2
1958	 49.3	  0.0	 43.7	 45.1	 27.1	 26.8	  3.5	  0.0	 26.8	 50.7	124.2	 71.4
1959	  1.5	 65.0	138.9	 14.3	 85.2	  5.5	  0.0	 49.4	304.9	 83.4	 11.3	 48.5
1960	 50.3	 43.9	121.8	 25.0	 29.7	162.2	102.1	  2.0	 88.8	106.2	 26.4	135.5
1961	 29.2	  0.0	 15.3	 22.4	 67.4	 17.5	  0.0	 58.5	100.5	 59.3	 74.1	  0.0
1962	 67.7	 35.7	 46.4	 67.7	 67.0	 57.8	 13.5	 21.3	174.5	113.1	101.9	 57.7
1963	 69.5	 25.0	 15.3	 69.2	  7.8	 51.6	 22.2	104.8	173.7	 54.9	 93.8	 59.0
1964	 10.1	 89.3	 72.3	 19.6	 33.9	 38.4	  0.0	 51.8	 37.7	 35.3	 66.7	 82.5
1965	 14.3	 49.3	 31.4	 31.8	 51.4	  6.8	  8.3	 44.8	104.8	231.0	 44.5	  0.0
1966	 31.4	 59.4	  9.8	 14.2	 56.6	 28.5	 26.7	 51.9	  8.2	 68.4	 32.5	  0.0
1967	 34.0	 23.7	 43.6	 77.7	 35.9	 12.9	  4.7	 34.0	154.6	 55.7	102.9	  0.0
1968	  0.0	 29.5	 36.2	 56.5	 24.4	 86.9	  0.0	145.3	 19.2	  0.1	113.1	 36.9
1969	 45.1	 36.5	129.0	198.2	 41.8	 44.2	 21.6	 40.0	 97.6	109.3	 29.8	 29.9
1970	 28.1	  0.0	 25.0	 15.8	118.0	 43.0	 22.7	 13.5	  0.0	141.0	 14.8	126.3
1971	 18.6	  8.9	 85.6	 90.3	146.4	 69.7	 13.8	 14.3	111.8	 37.0	 66.8	195.9
1972	 62.0	 36.0	 48.4	 82.5	157.1	101.3	 23.0	 86.0	174.4	 61.8	 55.9	 33.1
1973	 16.3	  0.0	 15.4	 40.4	 18.7	 72.1	 32.6	  3.9	 47.0	  9.2	 20.6	166.7
1974	  8.2	 61.3	124.2	 66.0	 29.2	 24.2	 20.8	 49.9	131.5	 43.0	  8.2	  0.0
1975	 22.3	 38.9	 54.8	 30.7	 85.2	 67.6	 21.1	144.4	 40.0	  5.4	  6.9	 59.5
1976	  4.5	 20.6	  8.0	113.6	 65.3	 74.4	 24.2	124.5	133.5	111.8	 12.4	100.4
1977	129.1	  4.0	 36.8	 76.7	150.9	144.5	 63.8	 25.2	 21.8	 91.0	 43.5	 47.3
1978	 28.7	 31.6	 86.0	 96.8	 43.7	 58.1	 11.9	  4.0	 65.3	 28.2	  0.8	 44.0
1979	216.1	 22.3	 47.0	 43.8	 39.3	 78.6	  4.9	 37.6	 37.4	240.5	 13.2	 10.5
1980	 20.4	 81.1	 27.7	 54.7	118.2	 19.9	 10.4	 13.6	 15.8	 12.9	 78.1	  4.0
1981	 52.4	 63.8	 64.3	 99.4	 49.9	109.3	 17.8	 43.5	100.9	  7.4	  0.0	 43.4
1982	 91.5	159.2	112.4	 18.8	 27.3	 54.4	 29.9	 83.4	 20.0	 93.0	109.5	  3.4
1983	  0.0	 51.4	 10.3	 12.0	  9.2	 96.5	  0.3	145.9	 15.8	 50.4	178.5	 39.5
1984	  2.0	 56.6	135.2	  6.2	115.4	 18.6	  4.9	 17.7	 80.5	 18.1	135.0	  0.3
1985	 31.2	  8.5	 40.0	 32.6	 87.4	 19.0	 43.9	 15.3	 34.6	 44.8	 92.3	 17.1
1986	103.1	 20.5	 38.3	 44.9	 14.7	  0.4	 32.9	 37.1	 71.6	102.4	 31.8	 25.7
1987	 47.4	 57.0	 24.5	 16.6	 64.8	  6.5	 40.6	 20.0	  3.8	223.0	 76.3	 88.7
1988	 87.6	  0.4	  0.0	 78.1	102.8	 80.9	  4.8	  5.5	103.0	 30.9	 95.8	  0.0
1989	  2.6	 22.9	 43.3	 62.2	 27.2	  4.8	  6.7	 76.0	118.6	 10.4	116.1	 23.1
1990	 13.7	  0.0	 19.0	 35.5	 47.7	 32.3	  8.1	 59.1	 59.5	160.8	 44.3	 17.8
1991	 23.4	 60.3	137.9	 43.8	 83.5	  4.1	 17.1	 27.3	 84.2	 49.1	 58.7	 63.5
1992	 72.5	  5.1	 27.8	 39.0	 75.5	210.2	 43.9	 56.0	 89.8	 77.2	  0.0	 34.6
1993	  0.5	 24.7	 72.8	 87.4	 70.1	  9.1	 38.6	 17.2	 92.8	 65.6	 22.1	  2.3
1994	 15.8	 44.0	  0.0	 35.2	 21.0	  9.0	 12.4	  5.7	116.9	219.3	 58.1	  6.5
1995	  7.2	 16.0	  1.7	 57.3	 21.7	 49.4	  3.1	142.6	 86.5	 72.5	 62.9	 97.7
1996	151.3	 10.6	 44.6	 73.5	 81.6	 94.3	 19.8	 47.9	 48.4	102.4	149.8	155.3
1997	129.5	  0.6	  8.0	 45.9	 14.4	105.3	  7.6	 66.1	 26.5	 19.2	 48.5	113.7
1998	 65.9	  9.5	  2.5	 31.0	 88.2	 16.2	  0.3	 69.0	 54.5	 15.4	  2.5	129.2
1999	 73.6	  0.4	 12.8	 40.5	 50.4	 17.6	 20.3	 34.6	205.5	122.5	 65.0	  0.4
2000	  1.1	  0.5	 48.5	 42.5	 41.9	 68.2	  2.0	 15.1	121.9	 53.5	 25.8	129.4
2001	 14.0	 25.7	 22.7	 40.1	 33.2	  3.2	 40.0	  6.0	 40.4	 75.7	 70.2	 37.0
2002	 16.8	  4.2	 15.8	 85.2	 46.0	 25.0	  5.4	100.2	 21.4	108.6	 54.0	 49.2
2003	 12.4	 92.8	 28.6	 14.6	 52.4	 13.4	  3.8	 56.8	102.4	160.4	 60.8	 33.4
2004	  2.4	 81.4	 57.0	103.2	 48.8	 10.8	 19.2	 51.2	 21.4	 23.6	  4.0	 47.6
2005	  0.0	 19.2	 13.4	  6.0	 27.6	  5.8	 32.0	 38.6	138.4	 90.6	 92.0	  9.4
2006	132.2	  4.0	  4.8	 18.0	  2.2	  3.2	 12.0	 47.6	 91.6	 31.8	  5.8	 24.4
2007	  3.8	 23.6	 30.2	152.0	 31.4	  7.0	  2.6	 75.0	  7.6	 51.6	  2.8	 14.8
2008	 20.0	 34.0	  5.8	 48.2	161.0	 36.0	 15.2	 26.2	 44.8	112.8	 40.2	 80.0
2009	 65.2	 21.6	 61.2	106.6	  6.8	 32.8	 48.0	 64.8	 24.4	143.4	  1.7	 55.6
2010	 52.1	 68.4	 74.7	 21.2	142.9	 49.6	  1.7	 96.0	 91.7	100.5	 16.9	 12.1
2011	 35.0	 15.9	142.1	 62.4	107.3	 59.4	 17.9	  4.1	 17.0	 44.2	141.2	  0.0
2012	  2.6	 13.6	 50.9	 98.4	 38.1	 37.5	 25.0	 37.3	 42.9	137.5	 19.8	  0.1
2013	 18.1	 26.8	112.7	 98.7	 98.1	 22.9	 51.9	 25.3	 16.7	 11.2	142.4	  9.0
2014	 23.9	 21.7	 23.9	 65.1	 26.3	 17.6	 56.3	 29.0	107.3	 11.5	142.3	 29.9