1950	 19.2	 14.2	 66.1	 77.7	 93.3	 79.1	 36.5	182.9	 54.2	 41.1	 12.7	 75.8
1951	 56.1	 98.8	175.7	112.7	136.6	100.5	 40.3	171.6	 73.9	188.8	110.0	 54.0
1952	 37.1	 55.2	 77.4	 69.1	 84.1	103.9	 83.8	 58.2	 74.0	119.3	 35.5	 43.4
1953	  0.0	 11.3	 68.8	 25.3	 56.4	224.2	 60.9	113.2	 94.7	118.0	  1.6	115.4
1954	 17.0	 82.7	134.4	 84.3	183.7	106.5	 82.5	 66.4	 68.1	 32.2	  8.1	  4.5
1955	200.5	 61.0	 28.5	  0.0	112.8	251.9	103.5	256.8	 88.3	 70.2	 18.4	 74.3
1956	  6.5	 73.0	203.5	 71.0	 72.6	101.6	 58.5	 66.3	 90.6	 72.2	 49.7	  9.5
1957	  0.0	 16.3	 52.2	177.4	140.5	185.4	 85.1	 43.2	 70.0	108.7	 94.5	 32.3
1958	 50.9	 10.5	 78.6	 44.5	 52.3	 69.6	 89.0	111.2	 27.9	 27.9	189.3	139.2
1959	  2.1	420.1	265.9	 63.2	 45.1	 64.8	 83.8	100.2	335.8	267.6	 36.5	 13.9
1960	 13.5	 36.5	263.4	  8.9	 16.3	166.5	202.6	 99.9	234.8	130.8	 20.4	 86.3
1961	 16.0	  2.1	  3.5	104.8	169.8	 70.9	 62.4	 75.9	 83.1	 96.3	386.5	  5.9
1962	116.0	 53.5	 85.9	106.9	 99.5	 94.0	  9.5	 45.0	144.1	122.6	265.7	 67.2
1963	 88.1	 60.2	 34.5	 84.3	 40.2	152.6	 71.6	159.5	258.2	 70.4	125.0	106.6
1964	  9.2	 98.5	 99.9	 86.7	132.5	 76.9	 89.5	125.8	 81.9	 40.6	101.6	116.5
1965	 39.9	 45.5	 79.6	 40.1	 76.5	 53.5	 58.2	135.0	141.5	385.0	 40.8	 43.0
1966	 29.3	 68.8	 39.3	 57.3	110.7	 65.3	 68.5	111.1	 36.0	151.7	 61.9	 23.6
1967	 36.1	 69.5	 77.0	 73.3	 58.5	 43.4	 41.8	100.6	112.8	 85.0	183.9	 26.7
1968	  9.5	 69.3	 83.1	 55.2	106.6	145.3	 14.7	170.5	 39.2	  0.9	275.3	 56.9
1969	  9.0	 47.2	123.0	172.1	 90.6	 39.2	138.7	 36.8	133.1	118.1	 26.2	 25.1
1970	 34.7	  0.4	 66.5	 25.6	146.4	 93.9	 29.0	 80.7	  8.2	317.2	 22.2	177.7
1971	 26.0	  7.2	109.9	194.1	199.2	 49.9	114.9	 31.0	180.8	 72.0	 27.4	252.6
1972	 92.2	128.9	120.6	 55.6	119.9	264.8	107.6	 90.1	185.3	 52.9	 59.6	 47.7
1973	  1.1	 13.9	 16.5	 18.3	 27.8	104.0	 33.5	129.5	 46.9	  1.3	 19.8	240.0
1974	 16.6	 16.0	180.7	 87.4	177.7	128.3	 59.6	111.7	106.4	 36.8	 19.2	  0.0
1975	 17.3	122.4	 61.1	 43.6	112.3	168.9	 68.9	231.5	 69.0	 22.0	 34.1	 95.4
1976	  5.3	195.6	 66.4	135.3	 80.9	132.4	107.8	223.8	107.0	110.3	 30.5	  9.0
1977	 74.0	 19.9	 47.0	 52.4	221.7	116.1	159.8	137.0	 27.9	258.9	 51.2	119.6
1978	 27.3	 74.5	 64.7	192.9	 69.9	 98.9	 17.4	102.6	  0.0	 12.0	  8.0	 41.4
1979	249.7	 31.5	 25.1	 63.9	 12.3	 97.0	 61.4	 97.9	 57.0	 76.7	 14.3	 12.9
1980	 40.7	126.1	 27.5	 99.9	175.2	 87.3	110.6	 24.3	 49.9	 60.0	 87.8	  0.0
1981	 45.4	 31.2	 40.9	 92.1	112.0	115.4	 91.9	 72.3	106.1	 16.6	  0.0	 28.9
1982	260.6	270.5	135.3	 66.8	 51.0	 41.3	126.3	110.8	 22.2	 87.5	195.0	 10.1
1983	  0.0	 81.9	 23.4	  4.1	 85.1	 77.0	 25.8	185.8	  0.0	 55.9	323.4	 31.2
1984	  2.1	 16.9	154.7	 32.5	165.4	 92.8	  2.4	 92.3	106.9	 21.8	154.6	 18.0
1985	 19.1	 14.5	 74.5	 66.1	292.2	 71.0	 29.2	 52.8	  5.3	 56.7	 66.8	 17.6
1986	 65.0	 77.5	 55.5	 87.1	110.1	 12.6	 51.5	101.2	 67.0	124.9	 19.9	  9.3
1987	 50.3	 42.0	 55.2	 47.7	106.6	 57.1	114.0	 83.2	 62.7	311.6	 82.1	186.3
1988	121.3	  0.0	 18.9	158.6	327.1	126.2	 15.7	 42.3	 87.4	 18.6	128.4	  0.0
1989	 18.2	 17.7	 27.2	117.2	 57.2	101.2	 92.3	 35.8	 53.8	 18.2	146.1	 84.0
1990	 17.3	  0.0	 22.8	 96.0	 93.4	138.1	201.3	 48.8	104.4	175.7	 30.0	 15.9
1991	 33.7	 82.8	125.5	 53.1	137.7	 71.0	 31.9	 40.1	106.9	129.4	116.6	247.9
1992	134.9	 21.1	105.9	 36.8	125.5	224.8	 88.7	 61.8	277.5	157.8	  1.9	111.8
1993	  9.0	102.3	112.3	112.9	 85.8	101.9	101.9	 93.2	 79.3	116.8	 55.6	  8.5
1994	 33.1	 28.4	 24.3	 54.4	 73.7	 37.4	 54.8	 29.5	349.5	183.2	 59.1	 36.8
1995	 37.8	  0.0	 12.7	 17.8	134.0	 62.8	168.2	157.2	105.5	116.9	 59.5	204.6
1996	233.9	 64.4	 52.9	 78.4	 76.7	 61.2	145.4	 63.2	100.7	262.4	112.1	194.0
1997	126.8	  7.7	  0.0	 40.8	 33.7	196.0	140.6	 63.6	 68.0	  5.6	 85.1	 89.5
1998	 33.7	 17.3	  0.5	 85.4	 31.6	 92.8	 27.1	170.7	 72.0	 67.0	  3.0	 53.3
1999	 87.9	  2.0	 27.6	114.0	144.4	 50.9	 63.2	137.5	100.2	 87.5	246.1	 22.7
2000	 13.4	  0.0	 83.8	134.2	145.9	107.0	 55.7	  6.2	 88.9	 99.2	 36.8	226.7
2001	120.0	 16.9	116.9	 38.2	 92.9	 40.4	 59.4	 28.4	 87.8	 65.6	 64.5	  8.0
2002	 25.4	 41.5	 60.7	243.1	192.4	 95.4	136.7	179.5	111.4	 80.0	 34.1	 69.4
2003	 36.2	187.9	 68.8	 40.1	 60.2	 54.7	 71.1	148.1	 86.6	279.8	 68.3	139.2
2004	 10.0	123.4	 95.4	130.4	 86.5	 90.1	 52.7	 88.5	 54.4	 70.5	 13.3	104.0
2005	  3.0	 77.5	 67.3	 57.5	 75.7	 54.0	 35.0	 89.0	 84.1	176.3	 98.5	  3.3
2006	245.8	 22.1	 80.4	 39.5	 27.2	 12.3	 87.7	 62.6	110.0	 28.2	  0.1	 24.5
2007	  7.8	 47.3	 33.3	191.9	 87.8	 55.9	 10.3	150.7	  3.1	 76.5	  3.2	 32.0
2008	 25.3	 30.2	 75.8	 66.8	164.7	156.5	 83.7	 69.6	 78.2	 41.5	 67.0	216.0
2009	 76.6	 44.7	 45.7	135.1	 42.8	139.5	 64.5	 64.5	 61.7	 57.0	 37.2	 12.0
2010	 16.7	 72.1	 62.2	 45.5	153.6	 97.4	 33.1	102.3	 84.7	222.7	 23.1	 25.1
2011	 45.4	  9.0	287.9	 64.8	 77.3	122.6	 96.9	 59.2	 99.4	 75.1	198.0	  1.6
2012	  0.3	  0.0	 85.7	 41.0	 48.7	 50.4	 12.2	 65.7	 85.1	134.0	 38.4	  0.1
2013	  8.4	 30.3	253.9	141.6	108.8	 60.0	 96.4	101.9	 52.7	 33.4	172.8	 10.6
2014	 26.4	 55.2	 49.4	102.5	 71.2	158.4	 92.6	161.1	143.4	 32.6	240.7	 20.1