1950	-2.1	 1.0	 2.0	3.6	 8.4	14.0	17.6	16.0	12.8	 9.1	 4.3	-1.6
1951	-1.3	-0.1	 2.5	4.3	 7.0	11.7	15.3	15.2	14.2	 7.6	 3.7	 1.1
1952	-3.2	-1.1	 5.3	5.7	 8.6	14.1	16.2	15.5	11.8	 9.9	 3.1	-0.8
1953	-4.7	-3.3	-0.2	5.4	 9.9	12.9	15.9	16.0	13.6	 9.3	 2.8	 3.1
1954	-3.3	-2.4	 3.9	5.2	 8.2	12.3	13.9	13.7	13.2	 8.0	 2.6	-1.7
1955	 4.0	 2.7	 3.7	4.2	11.2	11.8	16.1	15.1	12.2	 7.2	 2.4	 2.9
1956	 2.2	-6.1	 2.1	5.4	 7.8	10.1	13.6	13.7	10.7	 5.8	-1.2	-5.3
1957	-5.3	 1.7	 3.2	4.4	 7.9	11.8	13.7	15.1	12.8	 6.7	 2.0	-1.5
1958	-2.5	-0.6	 1.2	1.3	 6.8	 9.9	13.9	13.0	12.6	 5.0	 5.0	 4.2
1959	-1.1	 1.4	 5.8	5.2	 8.5	12.1	15.5	15.2	12.9	 8.8	 2.4	 0.4
1960	-1.3	 2.0	 3.8	4.1	 8.5	13.5	14.3	12.9	12.3	 6.0	 2.9	-0.1
1961	-0.5	 0.9	 1.9	5.8	 9.2	12.5	14.6	14.7	13.0	 8.3	 3.8	 0.6
1962	 1.3	-0.6	 3.6	4.7	 8.6	10.9	14.9	15.5	12.6	10.0	 1.1	-2.9
1963	-1.6	-3.1	 2.4	4.1	 7.5	11.5	15.1	13.4	11.8	 7.9	 3.9	-2.6
1964	-3.7	 0.1	 2.4	4.4	10.6	12.5	14.9	14.1	14.6	 6.4	 2.1	-0.8
1965	-2.6	-4.1	 2.0	3.4	 7.9	11.4	14.6	14.1	 9.7	10.1	 2.8	 0.4
1966	 0.6	 2.9	 0.0	5.2	 8.6	11.5	13.2	14.7	12.4	 8.0	-0.2	-2.0
1967	-4.6	-0.4	 3.7	3.0	 6.5	 9.3	14.4	14.8	12.5	 9.4	 4.7	-3.9
1968	-3.3	-0.1	 1.8	4.6	 7.6	11.4	14.5	14.7	12.1	 7.9	 4.2	 0.4
1969	 0.1	-2.2	 4.2	5.7	 8.1	10.6	13.7	13.8	10.7	 8.3	 1.3	-2.3
1970	 1.1	-1.4	 0.0	3.1	 7.0	11.6	13.8	14.4	13.1	 6.4	 3.5	-2.5
1971	-4.1	-1.5	-1.0	4.9	 8.3	10.7	13.9	15.3	12.8	 8.5	 0.5	 0.6
1972	-0.8	 1.2	 2.5	4.0	 6.5	11.8	12.8	12.9	10.3	 6.8	 4.3	 0.3
1973	-0.6	-3.5	-1.2	2.1	 8.0	11.2	14.3	15.0	11.0	 5.4	 0.8	-0.9
1974	-0.8	 0.0	 3.1	4.3	 8.4	11.6	13.6	14.0	11.1	 2.9	 1.5	-1.9
1975	-3.1	-0.8	-0.5	1.4	 5.3	11.5	14.8	14.4	11.5	 6.5	 1.2	-0.8
1976	-3.9	 0.8	 1.4	4.0	 9.3	12.3	14.8	13.2	10.7	 6.0	-0.5	 2.4
1977	 1.8	 1.3	 3.7	5.2	 7.7	10.6	13.2	12.1	12.7	10.0	 1.8	 2.4
1978	-1.2	 2.2	 2.5	4.2	 7.4	10.6	13.8	14.2	12.9	 6.7	 1.8	 1.7
1979	 2.3	 1.7	 3.4	3.6	 7.9	12.5	14.9	14.7	11.6	 8.2	 0.0	-2.0
1980	-1.5	 0.8	 1.5	2.7	 6.0	10.2	11.6	15.0	12.6	 5.0	 1.7	-5.0
1981	-2.1	-1.3	 5.3	6.4	 7.9	13.4	12.6	14.2	12.3	 6.9	 1.4	 0.5
1982	 0.2	 1.5	 1.9	4.1	 8.0	13.1	16.4	14.7	11.9	 6.3	 3.2	-0.1
1983	-3.5	-2.1	 2.0	3.8	 7.5	12.2	16.7	14.7	12.5	 7.2	 6.3	-0.4
1984	-1.3	-0.7	 0.3	5.1	 6.0	11.5	15.7	13.2	10.5	 6.3	 4.9	-2.1
1985	-5.3	 1.3	 0.3	4.6	 6.5	12.5	15.6	14.4	13.1	 8.2	 1.7	-1.3
1986	-2.2	-2.5	 2.5	2.6	 9.4	12.1	14.9	15.6	13.7	 8.8	 1.9	-2.5
1987	-3.1	-0.1	 3.3	5.4	 7.0	11.8	15.2	15.9	14.6	 8.6	 1.7	 0.9
1988	 2.3	-1.3	 1.1	5.3	 9.3	11.4	14.7	15.0	12.2	 8.8	 3.6	-3.1
1989	-2.4	-0.2	 3.7	3.8	 8.1	11.6	15.6	16.1	12.3	 7.5	 5.1	 3.9
1990	-1.2	 3.1	 2.3	3.7	 8.0	12.3	15.0	15.4	14.4	 8.9	 3.4	-2.6
1991	-0.3	 0.0	 4.7	3.1	 5.7	11.8	14.8	16.0	13.3	 5.5	 2.3	 0.2
1992	-2.6	-0.8	 2.3	3.8	 9.4	10.0	14.9	16.3	13.0	 7.6	 3.7	 1.0
1993	-2.4	-0.8	 1.8	3.9	 7.8	12.6	14.1	14.6	10.8	 6.7	 3.5	-0.9
1994	-1.8	 0.6	 3.6	3.1	 8.7	11.5	16.4	16.4	11.2	 9.6	 4.9	 1.0
1995	-0.9	 1.4	 0.7	3.7	 8.0	11.7	15.6	14.7	10.3	10.0	 3.6	 3.4
1996	 2.6	-0.4	 2.2	5.2	 7.4	11.6	14.3	14.8	10.1	 7.1	 3.6	 3.0
1997	 1.9	 1.2	 2.9	5.2	 9.1	12.7	14.1	15.7	12.6	 9.6	 4.1	 0.5
1998	-0.1	 1.3	 2.8	4.1	 8.3	12.8	15.5	15.2	12.3	 6.8	 1.0	-1.2
1999	-0.7	-1.4	 2.7	4.4	 9.9	12.7	15.3	16.6	12.3	 8.4	 0.7	-0.9
2000	-2.8	 0.8	 2.3	4.8	10.3	12.8	14.2	14.7	12.5	 8.9	 3.3	 2.4
2001	 2.4	-0.2	 5.3	4.7	 9.2	13.1	14.9	16.5	12.0	10.0	 2.4	-5.4
2002	-0.6	 0.1	 4.1	5.5	 8.1	12.5	15.4	13.9	11.5	 8.8	 4.3	 2.2
2003	-1.1	-0.2	 2.6	5.2	10.0	14.5	16.8	17.0	13.4	 9.4	 5.6	 1.0
2004	-0.4	-0.1	 1.7	5.0	 7.9	13.3	14.9	16.2	13.5	 9.3	 1.1	 0.7
2005	-4.2	-3.0	 1.1	4.4	 9.2	13.7	16.2	15.0	11.8	10.0	 3.4	-3.8
2006	-0.5	-0.4	 3.7	5.2	 9.7	12.5	16.0	14.1	14.5	10.7	 5.5	-0.3
2007	-1.3	 1.9	 1.5	6.8	 8.9	12.7	14.8	15.2	11.7	 8.0	-0.3	-2.4
2008	 0.4	 1.0	 2.1	5.4	 9.2	13.0	15.5	15.8	12.1	 8.6	 2.2	-0.6
2009	-0.4	 0.9	 2.5	4.6	 9.7	13.0	15.1	16.0	11.8	 8.5	 3.6	 0.5
2010	 0.5	 0.4	 1.3	5.1	 7.5	12.0	16.8	15.7	12.8	 7.7	 1.4	-0.6
2011	-1.3	-0.9	 2.6	7.0	 9.6	13.2	14.9	15.3	12.8	 8.3	 7.0	 0.0
2012	-2.3	-4.3	 0.5	5.1	 9.0	13.7	14.9	17.1	12.3	 9.6	 4.9	-1.2
2013	-1.8	-0.1	 3.9	5.5	 7.0	11.0	15.1	15.3	12.1	10.9	 2.7	-1.1
2014	 1.3	 1.1	 1.9	6.8	 8.0	12.5	14.7	16.2	14.6	10.2	 5.6	 0.1